0	0	0
0	0.04	0.250666
0	0.08	0.49738
0	0.12	0.736249
0	0.16	0.963507
0	0.2	1.17557
0	0.24	1.36909
0	0.28	1.54103
0	0.32	1.68866
0	0.36	1.80965
0	0.4	1.90211
0	0.44	1.96457
0	0.48	1.99605
0	0.52	1.99605
0	0.56	1.96457
0	0.6	1.90211
0	0.64	1.80965
0	0.68	1.68866
0	0.72	1.54103
0	0.76	1.36909
0	0.8	1.17557
0	0.84	0.963507
0	0.88	0.736249
0	0.92	0.49738
0	0.96	0.250666
0	1	2.44921e-016
0	1.04	-0.250666
0	1.08	-0.49738
0	1.12	-0.736249
0	1.16	-0.963507
0	1.2	-1.17557
0	1.24	-1.36909
0	1.28	-1.54103
0	1.32	-1.68866
0	1.36	-1.80965
0	1.4	-1.90211
0	1.44	-1.96457
0	1.48	-1.99605
0	1.52	-1.99605
0	1.56	-1.96457
0	1.6	-1.90211
0	1.64	-1.80965
0	1.68	-1.68866
0	1.72	-1.54103
0	1.76	-1.36909
0	1.8	-1.17557
0	1.84	-0.963507
0	1.88	-0.736249
0	1.92	-0.49738
0	1.96	-0.250666
0	2	-4.89843e-016
0	2.04	0.250666
0	2.08	0.49738
0	2.12	0.736249
0	2.16	0.963507
0	2.2	1.17557
0	2.24	1.36909
0	2.28	1.54103
0	2.32	1.68866
0	2.36	1.80965
0	2.4	1.90211
0	2.44	1.96457
0	2.48	1.99605
0	2.52	1.99605
0	2.56	1.96457
0	2.6	1.90211
0	2.64	1.80965
0	2.68	1.68866
0	2.72	1.54103
0	2.76	1.36909
0	2.8	1.17557
0	2.84	0.963507
0	2.88	0.736249
0	2.92	0.49738
0	2.96	0.250666
0	3	7.34764e-016
0	3.04	-0.250666
0	3.08	-0.49738
0	3.12	-0.736249
0	3.16	-0.963507
0	3.2	-1.17557
0	3.24	-1.36909
0	3.28	-1.54103
0	3.32	-1.68866
0	3.36	-1.80965
0	3.4	-1.90211
0	3.44	-1.96457
0	3.48	-1.99605
0	3.52	-1.99605
0	3.56	-1.96457
0	3.6	-1.90211
0	3.64	-1.80965
0	3.68	-1.68866
0	3.72	-1.54103
0	3.76	-1.36909
0	3.8	-1.17557
0	3.84	-0.963507
0	3.88	-0.736249
0	3.92	-0.49738
0	3.96	-0.250666
0	4	-9.79685e-016
0.1	0	0
0.1	0.04	0.147338
0.1	0.08	0.292352
0.1	0.12	0.432756
0.1	0.16	0.566335
0.1	0.2	0.690983
0.1	0.24	0.804733
0.1	0.28	0.905793
0.1	0.32	0.992567
0.1	0.36	1.06369
0.1	0.4	1.11803
0.1	0.44	1.15475
0.1	0.48	1.17325
0.1	0.52	1.17325
0.1	0.56	1.15475
0.1	0.6	1.11803
0.1	0.64	1.06369
0.1	0.68	0.992567
0.1	0.72	0.905793
0.1	0.76	0.804733
0.1	0.8	0.690983
0.1	0.84	0.566335
0.1	0.88	0.432756
0.1	0.92	0.292352
0.1	0.96	0.147338
0.1	1	1.43961e-016
0.1	1.04	-0.147338
0.1	1.08	-0.292352
0.1	1.12	-0.432756
0.1	1.16	-0.566335
0.1	1.2	-0.690983
0.1	1.24	-0.804733
0.1	1.28	-0.905793
0.1	1.32	-0.992567
0.1	1.36	-1.06369
0.1	1.4	-1.11803
0.1	1.44	-1.15475
0.1	1.48	-1.17325
0.1	1.52	-1.17325
0.1	1.56	-1.15475
0.1	1.6	-1.11803
0.1	1.64	-1.06369
0.1	1.68	-0.992567
0.1	1.72	-0.905793
0.1	1.76	-0.804733
0.1	1.8	-0.690983
0.1	1.84	-0.566335
0.1	1.88	-0.432756
0.1	1.92	-0.292352
0.1	1.96	-0.147338
0.1	2	-2.87922e-016
0.1	2.04	0.147338
0.1	2.08	0.292352
0.1	2.12	0.432756
0.1	2.16	0.566335
0.1	2.2	0.690983
0.1	2.24	0.804733
0.1	2.28	0.905793
0.1	2.32	0.992567
0.1	2.36	1.06369
0.1	2.4	1.11803
0.1	2.44	1.15475
0.1	2.48	1.17325
0.1	2.52	1.17325
0.1	2.56	1.15475
0.1	2.6	1.11803
0.1	2.64	1.06369
0.1	2.68	0.992567
0.1	2.72	0.905793
0.1	2.76	0.804733
0.1	2.8	0.690983
0.1	2.84	0.566335
0.1	2.88	0.432756
0.1	2.92	0.292352
0.1	2.96	0.147338
0.1	3	4.31883e-016
0.1	3.04	-0.147338
0.1	3.08	-0.292352
0.1	3.12	-0.432756
0.1	3.16	-0.566335
0.1	3.2	-0.690983
0.1	3.24	-0.804733
0.1	3.28	-0.905793
0.1	3.32	-0.992567
0.1	3.36	-1.06369
0.1	3.4	-1.11803
0.1	3.44	-1.15475
0.1	3.48	-1.17325
0.1	3.52	-1.17325
0.1	3.56	-1.15475
0.1	3.6	-1.11803
0.1	3.64	-1.06369
0.1	3.68	-0.992567
0.1	3.72	-0.905793
0.1	3.76	-0.804733
0.1	3.8	-0.690983
0.1	3.84	-0.566335
0.1	3.88	-0.432756
0.1	3.92	-0.292352
0.1	3.96	-0.147338
0.1	4	-5.75844e-016
0.2	0	-0
0.2	0.04	-0.0774602
0.2	0.08	-0.153699
0.2	0.12	-0.227513
0.2	0.16	-0.29774
0.2	0.2	-0.363271
0.2	0.24	-0.423073
0.2	0.28	-0.476203
0.2	0.32	-0.521823
0.2	0.36	-0.559214
0.2	0.4	-0.587785
0.2	0.44	-0.607087
0.2	0.48	-0.616814
0.2	0.52	-0.616814
0.2	0.56	-0.607087
0.2	0.6	-0.587785
0.2	0.64	-0.559214
0.2	0.68	-0.521823
0.2	0.72	-0.476203
0.2	0.76	-0.423073
0.2	0.8	-0.363271
0.2	0.84	-0.29774
0.2	0.88	-0.227513
0.2	0.92	-0.153699
0.2	0.96	-0.0774602
0.2	1	-7.56848e-017
0.2	1.04	0.0774602
0.2	1.08	0.153699
0.2	1.12	0.227513
0.2	1.16	0.29774
0.2	1.2	0.363271
0.2	1.24	0.423073
0.2	1.28	0.476203
0.2	1.32	0.521823
0.2	1.36	0.559214
0.2	1.4	0.587785
0.2	1.44	0.607087
0.2	1.48	0.616814
0.2	1.52	0.616814
0.2	1.56	0.607087
0.2	1.6	0.587785
0.2	1.64	0.559214
0.2	1.68	0.521823
0.2	1.72	0.476203
0.2	1.76	0.423073
0.2	1.8	0.363271
0.2	1.84	0.29774
0.2	1.88	0.227513
0.2	1.92	0.153699
0.2	1.96	0.0774602
0.2	2	1.5137e-016
0.2	2.04	-0.0774602
0.2	2.08	-0.153699
0.2	2.12	-0.227513
0.2	2.16	-0.29774
0.2	2.2	-0.363271
0.2	2.24	-0.423073
0.2	2.28	-0.476203
0.2	2.32	-0.521823
0.2	2.36	-0.559214
0.2	2.4	-0.587785
0.2	2.44	-0.607087
0.2	2.48	-0.616814
0.2	2.52	-0.616814
0.2	2.56	-0.607087
0.2	2.6	-0.587785
0.2	2.64	-0.559214
0.2	2.68	-0.521823
0.2	2.72	-0.476203
0.2	2.76	-0.423073
0.2	2.8	-0.363271
0.2	2.84	-0.29774
0.2	2.88	-0.227513
0.2	2.92	-0.153699
0.2	2.96	-0.0774602
0.2	3	-2.27055e-016
0.2	3.04	0.0774602
0.2	3.08	0.153699
0.2	3.12	0.227513
0.2	3.16	0.29774
0.2	3.2	0.363271
0.2	3.24	0.423073
0.2	3.28	0.476203
0.2	3.32	0.521823
0.2	3.36	0.559214
0.2	3.4	0.587785
0.2	3.44	0.607087
0.2	3.48	0.616814
0.2	3.52	0.616814
0.2	3.56	0.607087
0.2	3.6	0.587785
0.2	3.64	0.559214
0.2	3.68	0.521823
0.2	3.72	0.476203
0.2	3.76	0.423073
0.2	3.8	0.363271
0.2	3.84	0.29774
0.2	3.88	0.227513
0.2	3.92	0.153699
0.2	3.96	0.0774602
0.2	4	3.02739e-016
0.3	0	-0
0.3	0.04	-0.238398
0.3	0.08	-0.473036
0.3	0.12	-0.700215
0.3	0.16	-0.91635
0.3	0.2	-1.11803
0.3	0.24	-1.30209
0.3	0.28	-1.4656
0.3	0.32	-1.60601
0.3	0.36	-1.72108
0.3	0.4	-1.80902
0.3	0.44	-1.86842
0.3	0.48	-1.89836
0.3	0.52	-1.89836
0.3	0.56	-1.86842
0.3	0.6	-1.80902
0.3	0.64	-1.72108
0.3	0.68	-1.60601
0.3	0.72	-1.4656
0.3	0.76	-1.30209
0.3	0.8	-1.11803
0.3	0.84	-0.91635
0.3	0.88	-0.700215
0.3	0.92	-0.473036
0.3	0.96	-0.238398
0.3	1	-2.32934e-016
0.3	1.04	0.238398
0.3	1.08	0.473036
0.3	1.12	0.700215
0.3	1.16	0.91635
0.3	1.2	1.11803
0.3	1.24	1.30209
0.3	1.28	1.4656
0.3	1.32	1.60601
0.3	1.36	1.72108
0.3	1.4	1.80902
0.3	1.44	1.86842
0.3	1.48	1.89836
0.3	1.52	1.89836
0.3	1.56	1.86842
0.3	1.6	1.80902
0.3	1.64	1.72108
0.3	1.68	1.60601
0.3	1.72	1.4656
0.3	1.76	1.30209
0.3	1.8	1.11803
0.3	1.84	0.91635
0.3	1.88	0.700215
0.3	1.92	0.473036
0.3	1.96	0.238398
0.3	2	4.65868e-016
0.3	2.04	-0.238398
0.3	2.08	-0.473036
0.3	2.12	-0.700215
0.3	2.16	-0.91635
0.3	2.2	-1.11803
0.3	2.24	-1.30209
0.3	2.28	-1.4656
0.3	2.32	-1.60601
0.3	2.36	-1.72108
0.3	2.4	-1.80902
0.3	2.44	-1.86842
0.3	2.48	-1.89836
0.3	2.52	-1.89836
0.3	2.56	-1.86842
0.3	2.6	-1.80902
0.3	2.64	-1.72108
0.3	2.68	-1.60601
0.3	2.72	-1.4656
0.3	2.76	-1.30209
0.3	2.8	-1.11803
0.3	2.84	-0.91635
0.3	2.88	-0.700215
0.3	2.92	-0.473036
0.3	2.96	-0.238398
0.3	3	-6.98802e-016
0.3	3.04	0.238398
0.3	3.08	0.473036
0.3	3.12	0.700215
0.3	3.16	0.91635
0.3	3.2	1.11803
0.3	3.24	1.30209
0.3	3.28	1.4656
0.3	3.32	1.60601
0.3	3.36	1.72108
0.3	3.4	1.80902
0.3	3.44	1.86842
0.3	3.48	1.89836
0.3	3.52	1.89836
0.3	3.56	1.86842
0.3	3.6	1.80902
0.3	3.64	1.72108
0.3	3.68	1.60601
0.3	3.72	1.4656
0.3	3.76	1.30209
0.3	3.8	1.11803
0.3	3.84	0.91635
0.3	3.88	0.700215
0.3	3.92	0.473036
0.3	3.96	0.238398
0.3	4	9.31736e-016
0.4	0	-0
0.4	0.04	-0.202793
0.4	0.08	-0.402389
0.4	0.12	-0.595638
0.4	0.16	-0.779494
0.4	0.2	-0.951057
0.4	0.24	-1.10762
0.4	0.28	-1.24672
0.4	0.32	-1.36615
0.4	0.36	-1.46404
0.4	0.4	-1.53884
0.4	0.44	-1.58937
0.4	0.48	-1.61484
0.4	0.52	-1.61484
0.4	0.56	-1.58937
0.4	0.6	-1.53884
0.4	0.64	-1.46404
0.4	0.68	-1.36615
0.4	0.72	-1.24672
0.4	0.76	-1.10762
0.4	0.8	-0.951057
0.4	0.84	-0.779494
0.4	0.88	-0.595638
0.4	0.92	-0.402389
0.4	0.96	-0.202793
0.4	1	-1.98145e-016
0.4	1.04	0.202793
0.4	1.08	0.402389
0.4	1.12	0.595638
0.4	1.16	0.779494
0.4	1.2	0.951057
0.4	1.24	1.10762
0.4	1.28	1.24672
0.4	1.32	1.36615
0.4	1.36	1.46404
0.4	1.4	1.53884
0.4	1.44	1.58937
0.4	1.48	1.61484
0.4	1.52	1.61484
0.4	1.56	1.58937
0.4	1.6	1.53884
0.4	1.64	1.46404
0.4	1.68	1.36615
0.4	1.72	1.24672
0.4	1.76	1.10762
0.4	1.8	0.951057
0.4	1.84	0.779494
0.4	1.88	0.595638
0.4	1.92	0.402389
0.4	1.96	0.202793
0.4	2	3.96291e-016
0.4	2.04	-0.202793
0.4	2.08	-0.402389
0.4	2.12	-0.595638
0.4	2.16	-0.779494
0.4	2.2	-0.951057
0.4	2.24	-1.10762
0.4	2.28	-1.24672
0.4	2.32	-1.36615
0.4	2.36	-1.46404
0.4	2.4	-1.53884
0.4	2.44	-1.58937
0.4	2.48	-1.61484
0.4	2.52	-1.61484
0.4	2.56	-1.58937
0.4	2.6	-1.53884
0.4	2.64	-1.46404
0.4	2.68	-1.36615
0.4	2.72	-1.24672
0.4	2.76	-1.10762
0.4	2.8	-0.951057
0.4	2.84	-0.779494
0.4	2.88	-0.595638
0.4	2.92	-0.402389
0.4	2.96	-0.202793
0.4	3	-5.94436e-016
0.4	3.04	0.202793
0.4	3.08	0.402389
0.4	3.12	0.595638
0.4	3.16	0.779494
0.4	3.2	0.951057
0.4	3.24	1.10762
0.4	3.28	1.24672
0.4	3.32	1.36615
0.4	3.36	1.46404
0.4	3.4	1.53884
0.4	3.44	1.58937
0.4	3.48	1.61484
0.4	3.52	1.61484
0.4	3.56	1.58937
0.4	3.6	1.53884
0.4	3.64	1.46404
0.4	3.68	1.36615
0.4	3.72	1.24672
0.4	3.76	1.10762
0.4	3.8	0.951057
0.4	3.84	0.779494
0.4	3.88	0.595638
0.4	3.92	0.402389
0.4	3.96	0.202793
0.4	4	7.92582e-016
0.5	0	-0
0.5	0.04	-4.60452e-017
0.5	0.08	-9.13642e-017
0.5	0.12	-1.35242e-016
0.5	0.16	-1.76988e-016
0.5	0.2	-2.15942e-016
0.5	0.24	-2.5149e-016
0.5	0.28	-2.83073e-016
0.5	0.32	-3.10191e-016
0.5	0.36	-3.32417e-016
0.5	0.4	-3.49401e-016
0.5	0.44	-3.60875e-016
0.5	0.48	-3.66657e-016
0.5	0.52	-3.66657e-016
0.5	0.56	-3.60875e-016
0.5	0.6	-3.49401e-016
0.5	0.64	-3.32417e-016
0.5	0.68	-3.10191e-016
0.5	0.72	-2.83073e-016
0.5	0.76	-2.5149e-016
0.5	0.8	-2.15942e-016
0.5	0.84	-1.76988e-016
0.5	0.88	-1.35242e-016
0.5	0.92	-9.13642e-017
0.5	0.96	-4.60452e-017
0.5	1	-4.49898e-032
0.5	1.04	4.60452e-017
0.5	1.08	9.13642e-017
0.5	1.12	1.35242e-016
0.5	1.16	1.76988e-016
0.5	1.2	2.15942e-016
0.5	1.24	2.5149e-016
0.5	1.28	2.83073e-016
0.5	1.32	3.10191e-016
0.5	1.36	3.32417e-016
0.5	1.4	3.49401e-016
0.5	1.44	3.60875e-016
0.5	1.48	3.66657e-016
0.5	1.52	3.66657e-016
0.5	1.56	3.60875e-016
0.5	1.6	3.49401e-016
0.5	1.64	3.32417e-016
0.5	1.68	3.10191e-016
0.5	1.72	2.83073e-016
0.5	1.76	2.5149e-016
0.5	1.8	2.15942e-016
0.5	1.84	1.76988e-016
0.5	1.88	1.35242e-016
0.5	1.92	9.13642e-017
0.5	1.96	4.60452e-017
0.5	2	8.99796e-032
0.5	2.04	-4.60452e-017
0.5	2.08	-9.13642e-017
0.5	2.12	-1.35242e-016
0.5	2.16	-1.76988e-016
0.5	2.2	-2.15942e-016
0.5	2.24	-2.5149e-016
0.5	2.28	-2.83073e-016
0.5	2.32	-3.10191e-016
0.5	2.36	-3.32417e-016
0.5	2.4	-3.49401e-016
0.5	2.44	-3.60875e-016
0.5	2.48	-3.66657e-016
0.5	2.52	-3.66657e-016
0.5	2.56	-3.60875e-016
0.5	2.6	-3.49401e-016
0.5	2.64	-3.32417e-016
0.5	2.68	-3.10191e-016
0.5	2.72	-2.83073e-016
0.5	2.76	-2.5149e-016
0.5	2.8	-2.15942e-016
0.5	2.84	-1.76988e-016
0.5	2.88	-1.35242e-016
0.5	2.92	-9.13642e-017
0.5	2.96	-4.60452e-017
0.5	3	-1.34969e-031
0.5	3.04	4.60452e-017
0.5	3.08	9.13642e-017
0.5	3.12	1.35242e-016
0.5	3.16	1.76988e-016
0.5	3.2	2.15942e-016
0.5	3.24	2.5149e-016
0.5	3.28	2.83073e-016
0.5	3.32	3.10191e-016
0.5	3.36	3.32417e-016
0.5	3.4	3.49401e-016
0.5	3.44	3.60875e-016
0.5	3.48	3.66657e-016
0.5	3.52	3.66657e-016
0.5	3.56	3.60875e-016
0.5	3.6	3.49401e-016
0.5	3.64	3.32417e-016
0.5	3.68	3.10191e-016
0.5	3.72	2.83073e-016
0.5	3.76	2.5149e-016
0.5	3.8	2.15942e-016
0.5	3.84	1.76988e-016
0.5	3.88	1.35242e-016
0.5	3.92	9.13642e-017
0.5	3.96	4.60452e-017
0.5	4	1.79959e-031
0.6	0	0
0.6	0.04	0.202793
0.6	0.08	0.402389
0.6	0.12	0.595638
0.6	0.16	0.779494
0.6	0.2	0.951057
0.6	0.24	1.10762
0.6	0.28	1.24672
0.6	0.32	1.36615
0.6	0.36	1.46404
0.6	0.4	1.53884
0.6	0.44	1.58937
0.6	0.48	1.61484
0.6	0.52	1.61484
0.6	0.56	1.58937
0.6	0.6	1.53884
0.6	0.64	1.46404
0.6	0.68	1.36615
0.6	0.72	1.24672
0.6	0.76	1.10762
0.6	0.8	0.951057
0.6	0.84	0.779494
0.6	0.88	0.595638
0.6	0.92	0.402389
0.6	0.96	0.202793
0.6	1	1.98145e-016
0.6	1.04	-0.202793
0.6	1.08	-0.402389
0.6	1.12	-0.595638
0.6	1.16	-0.779494
0.6	1.2	-0.951057
0.6	1.24	-1.10762
0.6	1.28	-1.24672
0.6	1.32	-1.36615
0.6	1.36	-1.46404
0.6	1.4	-1.53884
0.6	1.44	-1.58937
0.6	1.48	-1.61484
0.6	1.52	-1.61484
0.6	1.56	-1.58937
0.6	1.6	-1.53884
0.6	1.64	-1.46404
0.6	1.68	-1.36615
0.6	1.72	-1.24672
0.6	1.76	-1.10762
0.6	1.8	-0.951057
0.6	1.84	-0.779494
0.6	1.88	-0.595638
0.6	1.92	-0.402389
0.6	1.96	-0.202793
0.6	2	-3.96291e-016
0.6	2.04	0.202793
0.6	2.08	0.402389
0.6	2.12	0.595638
0.6	2.16	0.779494
0.6	2.2	0.951057
0.6	2.24	1.10762
0.6	2.28	1.24672
0.6	2.32	1.36615
0.6	2.36	1.46404
0.6	2.4	1.53884
0.6	2.44	1.58937
0.6	2.48	1.61484
0.6	2.52	1.61484
0.6	2.56	1.58937
0.6	2.6	1.53884
0.6	2.64	1.46404
0.6	2.68	1.36615
0.6	2.72	1.24672
0.6	2.76	1.10762
0.6	2.8	0.951057
0.6	2.84	0.779494
0.6	2.88	0.595638
0.6	2.92	0.402389
0.6	2.96	0.202793
0.6	3	5.94436e-016
0.6	3.04	-0.202793
0.6	3.08	-0.402389
0.6	3.12	-0.595638
0.6	3.16	-0.779494
0.6	3.2	-0.951057
0.6	3.24	-1.10762
0.6	3.28	-1.24672
0.6	3.32	-1.36615
0.6	3.36	-1.46404
0.6	3.4	-1.53884
0.6	3.44	-1.58937
0.6	3.48	-1.61484
0.6	3.52	-1.61484
0.6	3.56	-1.58937
0.6	3.6	-1.53884
0.6	3.64	-1.46404
0.6	3.68	-1.36615
0.6	3.72	-1.24672
0.6	3.76	-1.10762
0.6	3.8	-0.951057
0.6	3.84	-0.779494
0.6	3.88	-0.595638
0.6	3.92	-0.402389
0.6	3.96	-0.202793
0.6	4	-7.92582e-016
0.7	0	0
0.7	0.04	0.238398
0.7	0.08	0.473036
0.7	0.12	0.700215
0.7	0.16	0.91635
0.7	0.2	1.11803
0.7	0.24	1.30209
0.7	0.28	1.4656
0.7	0.32	1.60601
0.7	0.36	1.72108
0.7	0.4	1.80902
0.7	0.44	1.86842
0.7	0.48	1.89836
0.7	0.52	1.89836
0.7	0.56	1.86842
0.7	0.6	1.80902
0.7	0.64	1.72108
0.7	0.68	1.60601
0.7	0.72	1.4656
0.7	0.76	1.30209
0.7	0.8	1.11803
0.7	0.84	0.91635
0.7	0.88	0.700215
0.7	0.92	0.473036
0.7	0.96	0.238398
0.7	1	2.32934e-016
0.7	1.04	-0.238398
0.7	1.08	-0.473036
0.7	1.12	-0.700215
0.7	1.16	-0.91635
0.7	1.2	-1.11803
0.7	1.24	-1.30209
0.7	1.28	-1.4656
0.7	1.32	-1.60601
0.7	1.36	-1.72108
0.7	1.4	-1.80902
0.7	1.44	-1.86842
0.7	1.48	-1.89836
0.7	1.52	-1.89836
0.7	1.56	-1.86842
0.7	1.6	-1.80902
0.7	1.64	-1.72108
0.7	1.68	-1.60601
0.7	1.72	-1.4656
0.7	1.76	-1.30209
0.7	1.8	-1.11803
0.7	1.84	-0.91635
0.7	1.88	-0.700215
0.7	1.92	-0.473036
0.7	1.96	-0.238398
0.7	2	-4.65868e-016
0.7	2.04	0.238398
0.7	2.08	0.473036
0.7	2.12	0.700215
0.7	2.16	0.91635
0.7	2.2	1.11803
0.7	2.24	1.30209
0.7	2.28	1.4656
0.7	2.32	1.60601
0.7	2.36	1.72108
0.7	2.4	1.80902
0.7	2.44	1.86842
0.7	2.48	1.89836
0.7	2.52	1.89836
0.7	2.56	1.86842
0.7	2.6	1.80902
0.7	2.64	1.72108
0.7	2.68	1.60601
0.7	2.72	1.4656
0.7	2.76	1.30209
0.7	2.8	1.11803
0.7	2.84	0.91635
0.7	2.88	0.700215
0.7	2.92	0.473036
0.7	2.96	0.238398
0.7	3	6.98802e-016
0.7	3.04	-0.238398
0.7	3.08	-0.473036
0.7	3.12	-0.700215
0.7	3.16	-0.91635
0.7	3.2	-1.11803
0.7	3.24	-1.30209
0.7	3.28	-1.4656
0.7	3.32	-1.60601
0.7	3.36	-1.72108
0.7	3.4	-1.80902
0.7	3.44	-1.86842
0.7	3.48	-1.89836
0.7	3.52	-1.89836
0.7	3.56	-1.86842
0.7	3.6	-1.80902
0.7	3.64	-1.72108
0.7	3.68	-1.60601
0.7	3.72	-1.4656
0.7	3.76	-1.30209
0.7	3.8	-1.11803
0.7	3.84	-0.91635
0.7	3.88	-0.700215
0.7	3.92	-0.473036
0.7	3.96	-0.238398
0.7	4	-9.31736e-016
0.8	0	0
0.8	0.04	0.0774602
0.8	0.08	0.153699
0.8	0.12	0.227513
0.8	0.16	0.29774
0.8	0.2	0.363271
0.8	0.24	0.423073
0.8	0.28	0.476203
0.8	0.32	0.521823
0.8	0.36	0.559214
0.8	0.4	0.587785
0.8	0.44	0.607087
0.8	0.48	0.616814
0.8	0.52	0.616814
0.8	0.56	0.607087
0.8	0.6	0.587785
0.8	0.64	0.559214
0.8	0.68	0.521823
0.8	0.72	0.476203
0.8	0.76	0.423073
0.8	0.8	0.363271
0.8	0.84	0.29774
0.8	0.88	0.227513
0.8	0.92	0.153699
0.8	0.96	0.0774602
0.8	1	7.56848e-017
0.8	1.04	-0.0774602
0.8	1.08	-0.153699
0.8	1.12	-0.227513
0.8	1.16	-0.29774
0.8	1.2	-0.363271
0.8	1.24	-0.423073
0.8	1.28	-0.476203
0.8	1.32	-0.521823
0.8	1.36	-0.559214
0.8	1.4	-0.587785
0.8	1.44	-0.607087
0.8	1.48	-0.616814
0.8	1.52	-0.616814
0.8	1.56	-0.607087
0.8	1.6	-0.587785
0.8	1.64	-0.559214
0.8	1.68	-0.521823
0.8	1.72	-0.476203
0.8	1.76	-0.423073
0.8	1.8	-0.363271
0.8	1.84	-0.29774
0.8	1.88	-0.227513
0.8	1.92	-0.153699
0.8	1.96	-0.0774602
0.8	2	-1.5137e-016
0.8	2.04	0.0774602
0.8	2.08	0.153699
0.8	2.12	0.227513
0.8	2.16	0.29774
0.8	2.2	0.363271
0.8	2.24	0.423073
0.8	2.28	0.476203
0.8	2.32	0.521823
0.8	2.36	0.559214
0.8	2.4	0.587785
0.8	2.44	0.607087
0.8	2.48	0.616814
0.8	2.52	0.616814
0.8	2.56	0.607087
0.8	2.6	0.587785
0.8	2.64	0.559214
0.8	2.68	0.521823
0.8	2.72	0.476203
0.8	2.76	0.423073
0.8	2.8	0.363271
0.8	2.84	0.29774
0.8	2.88	0.227513
0.8	2.92	0.153699
0.8	2.96	0.0774602
0.8	3	2.27055e-016
0.8	3.04	-0.0774602
0.8	3.08	-0.153699
0.8	3.12	-0.227513
0.8	3.16	-0.29774
0.8	3.2	-0.363271
0.8	3.24	-0.423073
0.8	3.28	-0.476203
0.8	3.32	-0.521823
0.8	3.36	-0.559214
0.8	3.4	-0.587785
0.8	3.44	-0.607087
0.8	3.48	-0.616814
0.8	3.52	-0.616814
0.8	3.56	-0.607087
0.8	3.6	-0.587785
0.8	3.64	-0.559214
0.8	3.68	-0.521823
0.8	3.72	-0.476203
0.8	3.76	-0.423073
0.8	3.8	-0.363271
0.8	3.84	-0.29774
0.8	3.88	-0.227513
0.8	3.92	-0.153699
0.8	3.96	-0.0774602
0.8	4	-3.02739e-016
0.9	0	-0
0.9	0.04	-0.147338
0.9	0.08	-0.292352
0.9	0.12	-0.432756
0.9	0.16	-0.566335
0.9	0.2	-0.690983
0.9	0.24	-0.804733
0.9	0.28	-0.905793
0.9	0.32	-0.992567
0.9	0.36	-1.06369
0.9	0.4	-1.11803
0.9	0.44	-1.15475
0.9	0.48	-1.17325
0.9	0.52	-1.17325
0.9	0.56	-1.15475
0.9	0.6	-1.11803
0.9	0.64	-1.06369
0.9	0.68	-0.992567
0.9	0.72	-0.905793
0.9	0.76	-0.804733
0.9	0.8	-0.690983
0.9	0.84	-0.566335
0.9	0.88	-0.432756
0.9	0.92	-0.292352
0.9	0.96	-0.147338
0.9	1	-1.43961e-016
0.9	1.04	0.147338
0.9	1.08	0.292352
0.9	1.12	0.432756
0.9	1.16	0.566335
0.9	1.2	0.690983
0.9	1.24	0.804733
0.9	1.28	0.905793
0.9	1.32	0.992567
0.9	1.36	1.06369
0.9	1.4	1.11803
0.9	1.44	1.15475
0.9	1.48	1.17325
0.9	1.52	1.17325
0.9	1.56	1.15475
0.9	1.6	1.11803
0.9	1.64	1.06369
0.9	1.68	0.992567
0.9	1.72	0.905793
0.9	1.76	0.804733
0.9	1.8	0.690983
0.9	1.84	0.566335
0.9	1.88	0.432756
0.9	1.92	0.292352
0.9	1.96	0.147338
0.9	2	2.87922e-016
0.9	2.04	-0.147338
0.9	2.08	-0.292352
0.9	2.12	-0.432756
0.9	2.16	-0.566335
0.9	2.2	-0.690983
0.9	2.24	-0.804733
0.9	2.28	-0.905793
0.9	2.32	-0.992567
0.9	2.36	-1.06369
0.9	2.4	-1.11803
0.9	2.44	-1.15475
0.9	2.48	-1.17325
0.9	2.52	-1.17325
0.9	2.56	-1.15475
0.9	2.6	-1.11803
0.9	2.64	-1.06369
0.9	2.68	-0.992567
0.9	2.72	-0.905793
0.9	2.76	-0.804733
0.9	2.8	-0.690983
0.9	2.84	-0.566335
0.9	2.88	-0.432756
0.9	2.92	-0.292352
0.9	2.96	-0.147338
0.9	3	-4.31883e-016
0.9	3.04	0.147338
0.9	3.08	0.292352
0.9	3.12	0.432756
0.9	3.16	0.566335
0.9	3.2	0.690983
0.9	3.24	0.804733
0.9	3.28	0.905793
0.9	3.32	0.992567
0.9	3.36	1.06369
0.9	3.4	1.11803
0.9	3.44	1.15475
0.9	3.48	1.17325
0.9	3.52	1.17325
0.9	3.56	1.15475
0.9	3.6	1.11803
0.9	3.64	1.06369
0.9	3.68	0.992567
0.9	3.72	0.905793
0.9	3.76	0.804733
0.9	3.8	0.690983
0.9	3.84	0.566335
0.9	3.88	0.432756
0.9	3.92	0.292352
0.9	3.96	0.147338
0.9	4	5.75844e-016
1	0	-0
1	0.04	-0.250666
1	0.08	-0.49738
1	0.12	-0.736249
1	0.16	-0.963507
1	0.2	-1.17557
1	0.24	-1.36909
1	0.28	-1.54103
1	0.32	-1.68866
1	0.36	-1.80965
1	0.4	-1.90211
1	0.44	-1.96457
1	0.48	-1.99605
1	0.52	-1.99605
1	0.56	-1.96457
1	0.6	-1.90211
1	0.64	-1.80965
1	0.68	-1.68866
1	0.72	-1.54103
1	0.76	-1.36909
1	0.8	-1.17557
1	0.84	-0.963507
1	0.88	-0.736249
1	0.92	-0.49738
1	0.96	-0.250666
1	1	-2.44921e-016
1	1.04	0.250666
1	1.08	0.49738
1	1.12	0.736249
1	1.16	0.963507
1	1.2	1.17557
1	1.24	1.36909
1	1.28	1.54103
1	1.32	1.68866
1	1.36	1.80965
1	1.4	1.90211
1	1.44	1.96457
1	1.48	1.99605
1	1.52	1.99605
1	1.56	1.96457
1	1.6	1.90211
1	1.64	1.80965
1	1.68	1.68866
1	1.72	1.54103
1	1.76	1.36909
1	1.8	1.17557
1	1.84	0.963507
1	1.88	0.736249
1	1.92	0.49738
1	1.96	0.250666
1	2	4.89843e-016
1	2.04	-0.250666
1	2.08	-0.49738
1	2.12	-0.736249
1	2.16	-0.963507
1	2.2	-1.17557
1	2.24	-1.36909
1	2.28	-1.54103
1	2.32	-1.68866
1	2.36	-1.80965
1	2.4	-1.90211
1	2.44	-1.96457
1	2.48	-1.99605
1	2.52	-1.99605
1	2.56	-1.96457
1	2.6	-1.90211
1	2.64	-1.80965
1	2.68	-1.68866
1	2.72	-1.54103
1	2.76	-1.36909
1	2.8	-1.17557
1	2.84	-0.963507
1	2.88	-0.736249
1	2.92	-0.49738
1	2.96	-0.250666
1	3	-7.34764e-016
1	3.04	0.250666
1	3.08	0.49738
1	3.12	0.736249
1	3.16	0.963507
1	3.2	1.17557
1	3.24	1.36909
1	3.28	1.54103
1	3.32	1.68866
1	3.36	1.80965
1	3.4	1.90211
1	3.44	1.96457
1	3.48	1.99605
1	3.52	1.99605
1	3.56	1.96457
1	3.6	1.90211
1	3.64	1.80965
1	3.68	1.68866
1	3.72	1.54103
1	3.76	1.36909
1	3.8	1.17557
1	3.84	0.963507
1	3.88	0.736249
1	3.92	0.49738
1	3.96	0.250666
1	4	9.79685e-016
1.1	0	-0
1.1	0.04	-0.147338
1.1	0.08	-0.292352
1.1	0.12	-0.432756
1.1	0.16	-0.566335
1.1	0.2	-0.690983
1.1	0.24	-0.804733
1.1	0.28	-0.905793
1.1	0.32	-0.992567
1.1	0.36	-1.06369
1.1	0.4	-1.11803
1.1	0.44	-1.15475
1.1	0.48	-1.17325
1.1	0.52	-1.17325
1.1	0.56	-1.15475
1.1	0.6	-1.11803
1.1	0.64	-1.06369
1.1	0.68	-0.992567
1.1	0.72	-0.905793
1.1	0.76	-0.804733
1.1	0.8	-0.690983
1.1	0.84	-0.566335
1.1	0.88	-0.432756
1.1	0.92	-0.292352
1.1	0.96	-0.147338
1.1	1	-1.43961e-016
1.1	1.04	0.147338
1.1	1.08	0.292352
1.1	1.12	0.432756
1.1	1.16	0.566335
1.1	1.2	0.690983
1.1	1.24	0.804733
1.1	1.28	0.905793
1.1	1.32	0.992567
1.1	1.36	1.06369
1.1	1.4	1.11803
1.1	1.44	1.15475
1.1	1.48	1.17325
1.1	1.52	1.17325
1.1	1.56	1.15475
1.1	1.6	1.11803
1.1	1.64	1.06369
1.1	1.68	0.992567
1.1	1.72	0.905793
1.1	1.76	0.804733
1.1	1.8	0.690983
1.1	1.84	0.566335
1.1	1.88	0.432756
1.1	1.92	0.292352
1.1	1.96	0.147338
1.1	2	2.87922e-016
1.1	2.04	-0.147338
1.1	2.08	-0.292352
1.1	2.12	-0.432756
1.1	2.16	-0.566335
1.1	2.2	-0.690983
1.1	2.24	-0.804733
1.1	2.28	-0.905793
1.1	2.32	-0.992567
1.1	2.36	-1.06369
1.1	2.4	-1.11803
1.1	2.44	-1.15475
1.1	2.48	-1.17325
1.1	2.52	-1.17325
1.1	2.56	-1.15475
1.1	2.6	-1.11803
1.1	2.64	-1.06369
1.1	2.68	-0.992567
1.1	2.72	-0.905793
1.1	2.76	-0.804733
1.1	2.8	-0.690983
1.1	2.84	-0.566335
1.1	2.88	-0.432756
1.1	2.92	-0.292352
1.1	2.96	-0.147338
1.1	3	-4.31883e-016
1.1	3.04	0.147338
1.1	3.08	0.292352
1.1	3.12	0.432756
1.1	3.16	0.566335
1.1	3.2	0.690983
1.1	3.24	0.804733
1.1	3.28	0.905793
1.1	3.32	0.992567
1.1	3.36	1.06369
1.1	3.4	1.11803
1.1	3.44	1.15475
1.1	3.48	1.17325
1.1	3.52	1.17325
1.1	3.56	1.15475
1.1	3.6	1.11803
1.1	3.64	1.06369
1.1	3.68	0.992567
1.1	3.72	0.905793
1.1	3.76	0.804733
1.1	3.8	0.690983
1.1	3.84	0.566335
1.1	3.88	0.432756
1.1	3.92	0.292352
1.1	3.96	0.147338
1.1	4	5.75844e-016
1.2	0	0
1.2	0.04	0.0774602
1.2	0.08	0.153699
1.2	0.12	0.227513
1.2	0.16	0.29774
1.2	0.2	0.363271
1.2	0.24	0.423073
1.2	0.28	0.476203
1.2	0.32	0.521823
1.2	0.36	0.559214
1.2	0.4	0.587785
1.2	0.44	0.607087
1.2	0.48	0.616814
1.2	0.52	0.616814
1.2	0.56	0.607087
1.2	0.6	0.587785
1.2	0.64	0.559214
1.2	0.68	0.521823
1.2	0.72	0.476203
1.2	0.76	0.423073
1.2	0.8	0.363271
1.2	0.84	0.29774
1.2	0.88	0.227513
1.2	0.92	0.153699
1.2	0.96	0.0774602
1.2	1	7.56848e-017
1.2	1.04	-0.0774602
1.2	1.08	-0.153699
1.2	1.12	-0.227513
1.2	1.16	-0.29774
1.2	1.2	-0.363271
1.2	1.24	-0.423073
1.2	1.28	-0.476203
1.2	1.32	-0.521823
1.2	1.36	-0.559214
1.2	1.4	-0.587785
1.2	1.44	-0.607087
1.2	1.48	-0.616814
1.2	1.52	-0.616814
1.2	1.56	-0.607087
1.2	1.6	-0.587785
1.2	1.64	-0.559214
1.2	1.68	-0.521823
1.2	1.72	-0.476203
1.2	1.76	-0.423073
1.2	1.8	-0.363271
1.2	1.84	-0.29774
1.2	1.88	-0.227513
1.2	1.92	-0.153699
1.2	1.96	-0.0774602
1.2	2	-1.5137e-016
1.2	2.04	0.0774602
1.2	2.08	0.153699
1.2	2.12	0.227513
1.2	2.16	0.29774
1.2	2.2	0.363271
1.2	2.24	0.423073
1.2	2.28	0.476203
1.2	2.32	0.521823
1.2	2.36	0.559214
1.2	2.4	0.587785
1.2	2.44	0.607087
1.2	2.48	0.616814
1.2	2.52	0.616814
1.2	2.56	0.607087
1.2	2.6	0.587785
1.2	2.64	0.559214
1.2	2.68	0.521823
1.2	2.72	0.476203
1.2	2.76	0.423073
1.2	2.8	0.363271
1.2	2.84	0.29774
1.2	2.88	0.227513
1.2	2.92	0.153699
1.2	2.96	0.0774602
1.2	3	2.27055e-016
1.2	3.04	-0.0774602
1.2	3.08	-0.153699
1.2	3.12	-0.227513
1.2	3.16	-0.29774
1.2	3.2	-0.363271
1.2	3.24	-0.423073
1.2	3.28	-0.476203
1.2	3.32	-0.521823
1.2	3.36	-0.559214
1.2	3.4	-0.587785
1.2	3.44	-0.607087
1.2	3.48	-0.616814
1.2	3.52	-0.616814
1.2	3.56	-0.607087
1.2	3.6	-0.587785
1.2	3.64	-0.559214
1.2	3.68	-0.521823
1.2	3.72	-0.476203
1.2	3.76	-0.423073
1.2	3.8	-0.363271
1.2	3.84	-0.29774
1.2	3.88	-0.227513
1.2	3.92	-0.153699
1.2	3.96	-0.0774602
1.2	4	-3.02739e-016
1.3	0	0
1.3	0.04	0.238398
1.3	0.08	0.473036
1.3	0.12	0.700215
1.3	0.16	0.91635
1.3	0.2	1.11803
1.3	0.24	1.30209
1.3	0.28	1.4656
1.3	0.32	1.60601
1.3	0.36	1.72108
1.3	0.4	1.80902
1.3	0.44	1.86842
1.3	0.48	1.89836
1.3	0.52	1.89836
1.3	0.56	1.86842
1.3	0.6	1.80902
1.3	0.64	1.72108
1.3	0.68	1.60601
1.3	0.72	1.4656
1.3	0.76	1.30209
1.3	0.8	1.11803
1.3	0.84	0.91635
1.3	0.88	0.700215
1.3	0.92	0.473036
1.3	0.96	0.238398
1.3	1	2.32934e-016
1.3	1.04	-0.238398
1.3	1.08	-0.473036
1.3	1.12	-0.700215
1.3	1.16	-0.91635
1.3	1.2	-1.11803
1.3	1.24	-1.30209
1.3	1.28	-1.4656
1.3	1.32	-1.60601
1.3	1.36	-1.72108
1.3	1.4	-1.80902
1.3	1.44	-1.86842
1.3	1.48	-1.89836
1.3	1.52	-1.89836
1.3	1.56	-1.86842
1.3	1.6	-1.80902
1.3	1.64	-1.72108
1.3	1.68	-1.60601
1.3	1.72	-1.4656
1.3	1.76	-1.30209
1.3	1.8	-1.11803
1.3	1.84	-0.91635
1.3	1.88	-0.700215
1.3	1.92	-0.473036
1.3	1.96	-0.238398
1.3	2	-4.65868e-016
1.3	2.04	0.238398
1.3	2.08	0.473036
1.3	2.12	0.700215
1.3	2.16	0.91635
1.3	2.2	1.11803
1.3	2.24	1.30209
1.3	2.28	1.4656
1.3	2.32	1.60601
1.3	2.36	1.72108
1.3	2.4	1.80902
1.3	2.44	1.86842
1.3	2.48	1.89836
1.3	2.52	1.89836
1.3	2.56	1.86842
1.3	2.6	1.80902
1.3	2.64	1.72108
1.3	2.68	1.60601
1.3	2.72	1.4656
1.3	2.76	1.30209
1.3	2.8	1.11803
1.3	2.84	0.91635
1.3	2.88	0.700215
1.3	2.92	0.473036
1.3	2.96	0.238398
1.3	3	6.98802e-016
1.3	3.04	-0.238398
1.3	3.08	-0.473036
1.3	3.12	-0.700215
1.3	3.16	-0.91635
1.3	3.2	-1.11803
1.3	3.24	-1.30209
1.3	3.28	-1.4656
1.3	3.32	-1.60601
1.3	3.36	-1.72108
1.3	3.4	-1.80902
1.3	3.44	-1.86842
1.3	3.48	-1.89836
1.3	3.52	-1.89836
1.3	3.56	-1.86842
1.3	3.6	-1.80902
1.3	3.64	-1.72108
1.3	3.68	-1.60601
1.3	3.72	-1.4656
1.3	3.76	-1.30209
1.3	3.8	-1.11803
1.3	3.84	-0.91635
1.3	3.88	-0.700215
1.3	3.92	-0.473036
1.3	3.96	-0.238398
1.3	4	-9.31736e-016
1.4	0	0
1.4	0.04	0.202793
1.4	0.08	0.402389
1.4	0.12	0.595638
1.4	0.16	0.779494
1.4	0.2	0.951057
1.4	0.24	1.10762
1.4	0.28	1.24672
1.4	0.32	1.36615
1.4	0.36	1.46404
1.4	0.4	1.53884
1.4	0.44	1.58937
1.4	0.48	1.61484
1.4	0.52	1.61484
1.4	0.56	1.58937
1.4	0.6	1.53884
1.4	0.64	1.46404
1.4	0.68	1.36615
1.4	0.72	1.24672
1.4	0.76	1.10762
1.4	0.8	0.951057
1.4	0.84	0.779494
1.4	0.88	0.595638
1.4	0.92	0.402389
1.4	0.96	0.202793
1.4	1	1.98145e-016
1.4	1.04	-0.202793
1.4	1.08	-0.402389
1.4	1.12	-0.595638
1.4	1.16	-0.779494
1.4	1.2	-0.951057
1.4	1.24	-1.10762
1.4	1.28	-1.24672
1.4	1.32	-1.36615
1.4	1.36	-1.46404
1.4	1.4	-1.53884
1.4	1.44	-1.58937
1.4	1.48	-1.61484
1.4	1.52	-1.61484
1.4	1.56	-1.58937
1.4	1.6	-1.53884
1.4	1.64	-1.46404
1.4	1.68	-1.36615
1.4	1.72	-1.24672
1.4	1.76	-1.10762
1.4	1.8	-0.951057
1.4	1.84	-0.779494
1.4	1.88	-0.595638
1.4	1.92	-0.402389
1.4	1.96	-0.202793
1.4	2	-3.96291e-016
1.4	2.04	0.202793
1.4	2.08	0.402389
1.4	2.12	0.595638
1.4	2.16	0.779494
1.4	2.2	0.951057
1.4	2.24	1.10762
1.4	2.28	1.24672
1.4	2.32	1.36615
1.4	2.36	1.46404
1.4	2.4	1.53884
1.4	2.44	1.58937
1.4	2.48	1.61484
1.4	2.52	1.61484
1.4	2.56	1.58937
1.4	2.6	1.53884
1.4	2.64	1.46404
1.4	2.68	1.36615
1.4	2.72	1.24672
1.4	2.76	1.10762
1.4	2.8	0.951057
1.4	2.84	0.779494
1.4	2.88	0.595638
1.4	2.92	0.402389
1.4	2.96	0.202793
1.4	3	5.94436e-016
1.4	3.04	-0.202793
1.4	3.08	-0.402389
1.4	3.12	-0.595638
1.4	3.16	-0.779494
1.4	3.2	-0.951057
1.4	3.24	-1.10762
1.4	3.28	-1.24672
1.4	3.32	-1.36615
1.4	3.36	-1.46404
1.4	3.4	-1.53884
1.4	3.44	-1.58937
1.4	3.48	-1.61484
1.4	3.52	-1.61484
1.4	3.56	-1.58937
1.4	3.6	-1.53884
1.4	3.64	-1.46404
1.4	3.68	-1.36615
1.4	3.72	-1.24672
1.4	3.76	-1.10762
1.4	3.8	-0.951057
1.4	3.84	-0.779494
1.4	3.88	-0.595638
1.4	3.92	-0.402389
1.4	3.96	-0.202793
1.4	4	-7.92582e-016
1.5	0	0
1.5	0.04	1.38135e-016
1.5	0.08	2.74092e-016
1.5	0.12	4.05727e-016
1.5	0.16	5.30963e-016
1.5	0.2	6.47825e-016
1.5	0.24	7.54471e-016
1.5	0.28	8.49218e-016
1.5	0.32	9.30572e-016
1.5	0.36	9.97251e-016
1.5	0.4	1.0482e-015
1.5	0.44	1.08262e-015
1.5	0.48	1.09997e-015
1.5	0.52	1.09997e-015
1.5	0.56	1.08262e-015
1.5	0.6	1.0482e-015
1.5	0.64	9.97251e-016
1.5	0.68	9.30572e-016
1.5	0.72	8.49218e-016
1.5	0.76	7.54471e-016
1.5	0.8	6.47825e-016
1.5	0.84	5.30963e-016
1.5	0.88	4.05727e-016
1.5	0.92	2.74092e-016
1.5	0.96	1.38135e-016
1.5	1	1.34969e-031
1.5	1.04	-1.38135e-016
1.5	1.08	-2.74092e-016
1.5	1.12	-4.05727e-016
1.5	1.16	-5.30963e-016
1.5	1.2	-6.47825e-016
1.5	1.24	-7.54471e-016
1.5	1.28	-8.49218e-016
1.5	1.32	-9.30572e-016
1.5	1.36	-9.97251e-016
1.5	1.4	-1.0482e-015
1.5	1.44	-1.08262e-015
1.5	1.48	-1.09997e-015
1.5	1.52	-1.09997e-015
1.5	1.56	-1.08262e-015
1.5	1.6	-1.0482e-015
1.5	1.64	-9.97251e-016
1.5	1.68	-9.30572e-016
1.5	1.72	-8.49218e-016
1.5	1.76	-7.54471e-016
1.5	1.8	-6.47825e-016
1.5	1.84	-5.30963e-016
1.5	1.88	-4.05727e-016
1.5	1.92	-2.74092e-016
1.5	1.96	-1.38135e-016
1.5	2	-2.69939e-031
1.5	2.04	1.38135e-016
1.5	2.08	2.74092e-016
1.5	2.12	4.05727e-016
1.5	2.16	5.30963e-016
1.5	2.2	6.47825e-016
1.5	2.24	7.54471e-016
1.5	2.28	8.49218e-016
1.5	2.32	9.30572e-016
1.5	2.36	9.97251e-016
1.5	2.4	1.0482e-015
1.5	2.44	1.08262e-015
1.5	2.48	1.09997e-015
1.5	2.52	1.09997e-015
1.5	2.56	1.08262e-015
1.5	2.6	1.0482e-015
1.5	2.64	9.97251e-016
1.5	2.68	9.30572e-016
1.5	2.72	8.49218e-016
1.5	2.76	7.54471e-016
1.5	2.8	6.47825e-016
1.5	2.84	5.30963e-016
1.5	2.88	4.05727e-016
1.5	2.92	2.74092e-016
1.5	2.96	1.38135e-016
1.5	3	4.04908e-031
1.5	3.04	-1.38135e-016
1.5	3.08	-2.74092e-016
1.5	3.12	-4.05727e-016
1.5	3.16	-5.30963e-016
1.5	3.2	-6.47825e-016
1.5	3.24	-7.54471e-016
1.5	3.28	-8.49218e-016
1.5	3.32	-9.30572e-016
1.5	3.36	-9.97251e-016
1.5	3.4	-1.0482e-015
1.5	3.44	-1.08262e-015
1.5	3.48	-1.09997e-015
1.5	3.52	-1.09997e-015
1.5	3.56	-1.08262e-015
1.5	3.6	-1.0482e-015
1.5	3.64	-9.97251e-016
1.5	3.68	-9.30572e-016
1.5	3.72	-8.49218e-016
1.5	3.76	-7.54471e-016
1.5	3.8	-6.47825e-016
1.5	3.84	-5.30963e-016
1.5	3.88	-4.05727e-016
1.5	3.92	-2.74092e-016
1.5	3.96	-1.38135e-016
1.5	4	-5.39878e-031
1.6	0	-0
1.6	0.04	-0.202793
1.6	0.08	-0.402389
1.6	0.12	-0.595638
1.6	0.16	-0.779494
1.6	0.2	-0.951057
1.6	0.24	-1.10762
1.6	0.28	-1.24672
1.6	0.32	-1.36615
1.6	0.36	-1.46404
1.6	0.4	-1.53884
1.6	0.44	-1.58937
1.6	0.48	-1.61484
1.6	0.52	-1.61484
1.6	0.56	-1.58937
1.6	0.6	-1.53884
1.6	0.64	-1.46404
1.6	0.68	-1.36615
1.6	0.72	-1.24672
1.6	0.76	-1.10762
1.6	0.8	-0.951057
1.6	0.84	-0.779494
1.6	0.88	-0.595638
1.6	0.92	-0.402389
1.6	0.96	-0.202793
1.6	1	-1.98145e-016
1.6	1.04	0.202793
1.6	1.08	0.402389
1.6	1.12	0.595638
1.6	1.16	0.779494
1.6	1.2	0.951057
1.6	1.24	1.10762
1.6	1.28	1.24672
1.6	1.32	1.36615
1.6	1.36	1.46404
1.6	1.4	1.53884
1.6	1.44	1.58937
1.6	1.48	1.61484
1.6	1.52	1.61484
1.6	1.56	1.58937
1.6	1.6	1.53884
1.6	1.64	1.46404
1.6	1.68	1.36615
1.6	1.72	1.24672
1.6	1.76	1.10762
1.6	1.8	0.951057
1.6	1.84	0.779494
1.6	1.88	0.595638
1.6	1.92	0.402389
1.6	1.96	0.202793
1.6	2	3.96291e-016
1.6	2.04	-0.202793
1.6	2.08	-0.402389
1.6	2.12	-0.595638
1.6	2.16	-0.779494
1.6	2.2	-0.951057
1.6	2.24	-1.10762
1.6	2.28	-1.24672
1.6	2.32	-1.36615
1.6	2.36	-1.46404
1.6	2.4	-1.53884
1.6	2.44	-1.58937
1.6	2.48	-1.61484
1.6	2.52	-1.61484
1.6	2.56	-1.58937
1.6	2.6	-1.53884
1.6	2.64	-1.46404
1.6	2.68	-1.36615
1.6	2.72	-1.24672
1.6	2.76	-1.10762
1.6	2.8	-0.951057
1.6	2.84	-0.779494
1.6	2.88	-0.595638
1.6	2.92	-0.402389
1.6	2.96	-0.202793
1.6	3	-5.94436e-016
1.6	3.04	0.202793
1.6	3.08	0.402389
1.6	3.12	0.595638
1.6	3.16	0.779494
1.6	3.2	0.951057
1.6	3.24	1.10762
1.6	3.28	1.24672
1.6	3.32	1.36615
1.6	3.36	1.46404
1.6	3.4	1.53884
1.6	3.44	1.58937
1.6	3.48	1.61484
1.6	3.52	1.61484
1.6	3.56	1.58937
1.6	3.6	1.53884
1.6	3.64	1.46404
1.6	3.68	1.36615
1.6	3.72	1.24672
1.6	3.76	1.10762
1.6	3.8	0.951057
1.6	3.84	0.779494
1.6	3.88	0.595638
1.6	3.92	0.402389
1.6	3.96	0.202793
1.6	4	7.92582e-016
1.7	0	-0
1.7	0.04	-0.238398
1.7	0.08	-0.473036
1.7	0.12	-0.700215
1.7	0.16	-0.91635
1.7	0.2	-1.11803
1.7	0.24	-1.30209
1.7	0.28	-1.4656
1.7	0.32	-1.60601
1.7	0.36	-1.72108
1.7	0.4	-1.80902
1.7	0.44	-1.86842
1.7	0.48	-1.89836
1.7	0.52	-1.89836
1.7	0.56	-1.86842
1.7	0.6	-1.80902
1.7	0.64	-1.72108
1.7	0.68	-1.60601
1.7	0.72	-1.4656
1.7	0.76	-1.30209
1.7	0.8	-1.11803
1.7	0.84	-0.91635
1.7	0.88	-0.700215
1.7	0.92	-0.473036
1.7	0.96	-0.238398
1.7	1	-2.32934e-016
1.7	1.04	0.238398
1.7	1.08	0.473036
1.7	1.12	0.700215
1.7	1.16	0.91635
1.7	1.2	1.11803
1.7	1.24	1.30209
1.7	1.28	1.4656
1.7	1.32	1.60601
1.7	1.36	1.72108
1.7	1.4	1.80902
1.7	1.44	1.86842
1.7	1.48	1.89836
1.7	1.52	1.89836
1.7	1.56	1.86842
1.7	1.6	1.80902
1.7	1.64	1.72108
1.7	1.68	1.60601
1.7	1.72	1.4656
1.7	1.76	1.30209
1.7	1.8	1.11803
1.7	1.84	0.91635
1.7	1.88	0.700215
1.7	1.92	0.473036
1.7	1.96	0.238398
1.7	2	4.65868e-016
1.7	2.04	-0.238398
1.7	2.08	-0.473036
1.7	2.12	-0.700215
1.7	2.16	-0.91635
1.7	2.2	-1.11803
1.7	2.24	-1.30209
1.7	2.28	-1.4656
1.7	2.32	-1.60601
1.7	2.36	-1.72108
1.7	2.4	-1.80902
1.7	2.44	-1.86842
1.7	2.48	-1.89836
1.7	2.52	-1.89836
1.7	2.56	-1.86842
1.7	2.6	-1.80902
1.7	2.64	-1.72108
1.7	2.68	-1.60601
1.7	2.72	-1.4656
1.7	2.76	-1.30209
1.7	2.8	-1.11803
1.7	2.84	-0.91635
1.7	2.88	-0.700215
1.7	2.92	-0.473036
1.7	2.96	-0.238398
1.7	3	-6.98802e-016
1.7	3.04	0.238398
1.7	3.08	0.473036
1.7	3.12	0.700215
1.7	3.16	0.91635
1.7	3.2	1.11803
1.7	3.24	1.30209
1.7	3.28	1.4656
1.7	3.32	1.60601
1.7	3.36	1.72108
1.7	3.4	1.80902
1.7	3.44	1.86842
1.7	3.48	1.89836
1.7	3.52	1.89836
1.7	3.56	1.86842
1.7	3.6	1.80902
1.7	3.64	1.72108
1.7	3.68	1.60601
1.7	3.72	1.4656
1.7	3.76	1.30209
1.7	3.8	1.11803
1.7	3.84	0.91635
1.7	3.88	0.700215
1.7	3.92	0.473036
1.7	3.96	0.238398
1.7	4	9.31736e-016
1.8	0	-0
1.8	0.04	-0.0774602
1.8	0.08	-0.153699
1.8	0.12	-0.227513
1.8	0.16	-0.29774
1.8	0.2	-0.363271
1.8	0.24	-0.423073
1.8	0.28	-0.476203
1.8	0.32	-0.521823
1.8	0.36	-0.559214
1.8	0.4	-0.587785
1.8	0.44	-0.607087
1.8	0.48	-0.616814
1.8	0.52	-0.616814
1.8	0.56	-0.607087
1.8	0.6	-0.587785
1.8	0.64	-0.559214
1.8	0.68	-0.521823
1.8	0.72	-0.476203
1.8	0.76	-0.423073
1.8	0.8	-0.363271
1.8	0.84	-0.29774
1.8	0.88	-0.227513
1.8	0.92	-0.153699
1.8	0.96	-0.0774602
1.8	1	-7.56848e-017
1.8	1.04	0.0774602
1.8	1.08	0.153699
1.8	1.12	0.227513
1.8	1.16	0.29774
1.8	1.2	0.363271
1.8	1.24	0.423073
1.8	1.28	0.476203
1.8	1.32	0.521823
1.8	1.36	0.559214
1.8	1.4	0.587785
1.8	1.44	0.607087
1.8	1.48	0.616814
1.8	1.52	0.616814
1.8	1.56	0.607087
1.8	1.6	0.587785
1.8	1.64	0.559214
1.8	1.68	0.521823
1.8	1.72	0.476203
1.8	1.76	0.423073
1.8	1.8	0.363271
1.8	1.84	0.29774
1.8	1.88	0.227513
1.8	1.92	0.153699
1.8	1.96	0.0774602
1.8	2	1.5137e-016
1.8	2.04	-0.0774602
1.8	2.08	-0.153699
1.8	2.12	-0.227513
1.8	2.16	-0.29774
1.8	2.2	-0.363271
1.8	2.24	-0.423073
1.8	2.28	-0.476203
1.8	2.32	-0.521823
1.8	2.36	-0.559214
1.8	2.4	-0.587785
1.8	2.44	-0.607087
1.8	2.48	-0.616814
1.8	2.52	-0.616814
1.8	2.56	-0.607087
1.8	2.6	-0.587785
1.8	2.64	-0.559214
1.8	2.68	-0.521823
1.8	2.72	-0.476203
1.8	2.76	-0.423073
1.8	2.8	-0.363271
1.8	2.84	-0.29774
1.8	2.88	-0.227513
1.8	2.92	-0.153699
1.8	2.96	-0.0774602
1.8	3	-2.27055e-016
1.8	3.04	0.0774602
1.8	3.08	0.153699
1.8	3.12	0.227513
1.8	3.16	0.29774
1.8	3.2	0.363271
1.8	3.24	0.423073
1.8	3.28	0.476203
1.8	3.32	0.521823
1.8	3.36	0.559214
1.8	3.4	0.587785
1.8	3.44	0.607087
1.8	3.48	0.616814
1.8	3.52	0.616814
1.8	3.56	0.607087
1.8	3.6	0.587785
1.8	3.64	0.559214
1.8	3.68	0.521823
1.8	3.72	0.476203
1.8	3.76	0.423073
1.8	3.8	0.363271
1.8	3.84	0.29774
1.8	3.88	0.227513
1.8	3.92	0.153699
1.8	3.96	0.0774602
1.8	4	3.02739e-016
1.9	0	0
1.9	0.04	0.147338
1.9	0.08	0.292352
1.9	0.12	0.432756
1.9	0.16	0.566335
1.9	0.2	0.690983
1.9	0.24	0.804733
1.9	0.28	0.905793
1.9	0.32	0.992567
1.9	0.36	1.06369
1.9	0.4	1.11803
1.9	0.44	1.15475
1.9	0.48	1.17325
1.9	0.52	1.17325
1.9	0.56	1.15475
1.9	0.6	1.11803
1.9	0.64	1.06369
1.9	0.68	0.992567
1.9	0.72	0.905793
1.9	0.76	0.804733
1.9	0.8	0.690983
1.9	0.84	0.566335
1.9	0.88	0.432756
1.9	0.92	0.292352
1.9	0.96	0.147338
1.9	1	1.43961e-016
1.9	1.04	-0.147338
1.9	1.08	-0.292352
1.9	1.12	-0.432756
1.9	1.16	-0.566335
1.9	1.2	-0.690983
1.9	1.24	-0.804733
1.9	1.28	-0.905793
1.9	1.32	-0.992567
1.9	1.36	-1.06369
1.9	1.4	-1.11803
1.9	1.44	-1.15475
1.9	1.48	-1.17325
1.9	1.52	-1.17325
1.9	1.56	-1.15475
1.9	1.6	-1.11803
1.9	1.64	-1.06369
1.9	1.68	-0.992567
1.9	1.72	-0.905793
1.9	1.76	-0.804733
1.9	1.8	-0.690983
1.9	1.84	-0.566335
1.9	1.88	-0.432756
1.9	1.92	-0.292352
1.9	1.96	-0.147338
1.9	2	-2.87922e-016
1.9	2.04	0.147338
1.9	2.08	0.292352
1.9	2.12	0.432756
1.9	2.16	0.566335
1.9	2.2	0.690983
1.9	2.24	0.804733
1.9	2.28	0.905793
1.9	2.32	0.992567
1.9	2.36	1.06369
1.9	2.4	1.11803
1.9	2.44	1.15475
1.9	2.48	1.17325
1.9	2.52	1.17325
1.9	2.56	1.15475
1.9	2.6	1.11803
1.9	2.64	1.06369
1.9	2.68	0.992567
1.9	2.72	0.905793
1.9	2.76	0.804733
1.9	2.8	0.690983
1.9	2.84	0.566335
1.9	2.88	0.432756
1.9	2.92	0.292352
1.9	2.96	0.147338
1.9	3	4.31883e-016
1.9	3.04	-0.147338
1.9	3.08	-0.292352
1.9	3.12	-0.432756
1.9	3.16	-0.566335
1.9	3.2	-0.690983
1.9	3.24	-0.804733
1.9	3.28	-0.905793
1.9	3.32	-0.992567
1.9	3.36	-1.06369
1.9	3.4	-1.11803
1.9	3.44	-1.15475
1.9	3.48	-1.17325
1.9	3.52	-1.17325
1.9	3.56	-1.15475
1.9	3.6	-1.11803
1.9	3.64	-1.06369
1.9	3.68	-0.992567
1.9	3.72	-0.905793
1.9	3.76	-0.804733
1.9	3.8	-0.690983
1.9	3.84	-0.566335
1.9	3.88	-0.432756
1.9	3.92	-0.292352
1.9	3.96	-0.147338
1.9	4	-5.75844e-016
2	0	0
2	0.04	0.250666
2	0.08	0.49738
2	0.12	0.736249
2	0.16	0.963507
2	0.2	1.17557
2	0.24	1.36909
2	0.28	1.54103
2	0.32	1.68866
2	0.36	1.80965
2	0.4	1.90211
2	0.44	1.96457
2	0.48	1.99605
2	0.52	1.99605
2	0.56	1.96457
2	0.6	1.90211
2	0.64	1.80965
2	0.68	1.68866
2	0.72	1.54103
2	0.76	1.36909
2	0.8	1.17557
2	0.84	0.963507
2	0.88	0.736249
2	0.92	0.49738
2	0.96	0.250666
2	1	2.44921e-016
2	1.04	-0.250666
2	1.08	-0.49738
2	1.12	-0.736249
2	1.16	-0.963507
2	1.2	-1.17557
2	1.24	-1.36909
2	1.28	-1.54103
2	1.32	-1.68866
2	1.36	-1.80965
2	1.4	-1.90211
2	1.44	-1.96457
2	1.48	-1.99605
2	1.52	-1.99605
2	1.56	-1.96457
2	1.6	-1.90211
2	1.64	-1.80965
2	1.68	-1.68866
2	1.72	-1.54103
2	1.76	-1.36909
2	1.8	-1.17557
2	1.84	-0.963507
2	1.88	-0.736249
2	1.92	-0.49738
2	1.96	-0.250666
2	2	-4.89843e-016
2	2.04	0.250666
2	2.08	0.49738
2	2.12	0.736249
2	2.16	0.963507
2	2.2	1.17557
2	2.24	1.36909
2	2.28	1.54103
2	2.32	1.68866
2	2.36	1.80965
2	2.4	1.90211
2	2.44	1.96457
2	2.48	1.99605
2	2.52	1.99605
2	2.56	1.96457
2	2.6	1.90211
2	2.64	1.80965
2	2.68	1.68866
2	2.72	1.54103
2	2.76	1.36909
2	2.8	1.17557
2	2.84	0.963507
2	2.88	0.736249
2	2.92	0.49738
2	2.96	0.250666
2	3	7.34764e-016
2	3.04	-0.250666
2	3.08	-0.49738
2	3.12	-0.736249
2	3.16	-0.963507
2	3.2	-1.17557
2	3.24	-1.36909
2	3.28	-1.54103
2	3.32	-1.68866
2	3.36	-1.80965
2	3.4	-1.90211
2	3.44	-1.96457
2	3.48	-1.99605
2	3.52	-1.99605
2	3.56	-1.96457
2	3.6	-1.90211
2	3.64	-1.80965
2	3.68	-1.68866
2	3.72	-1.54103
2	3.76	-1.36909
2	3.8	-1.17557
2	3.84	-0.963507
2	3.88	-0.736249
2	3.92	-0.49738
2	3.96	-0.250666
2	4	-9.79685e-016
2.1	0	0
2.1	0.04	0.147338
2.1	0.08	0.292352
2.1	0.12	0.432756
2.1	0.16	0.566335
2.1	0.2	0.690983
2.1	0.24	0.804733
2.1	0.28	0.905793
2.1	0.32	0.992567
2.1	0.36	1.06369
2.1	0.4	1.11803
2.1	0.44	1.15475
2.1	0.48	1.17325
2.1	0.52	1.17325
2.1	0.56	1.15475
2.1	0.6	1.11803
2.1	0.64	1.06369
2.1	0.68	0.992567
2.1	0.72	0.905793
2.1	0.76	0.804733
2.1	0.8	0.690983
2.1	0.84	0.566335
2.1	0.88	0.432756
2.1	0.92	0.292352
2.1	0.96	0.147338
2.1	1	1.43961e-016
2.1	1.04	-0.147338
2.1	1.08	-0.292352
2.1	1.12	-0.432756
2.1	1.16	-0.566335
2.1	1.2	-0.690983
2.1	1.24	-0.804733
2.1	1.28	-0.905793
2.1	1.32	-0.992567
2.1	1.36	-1.06369
2.1	1.4	-1.11803
2.1	1.44	-1.15475
2.1	1.48	-1.17325
2.1	1.52	-1.17325
2.1	1.56	-1.15475
2.1	1.6	-1.11803
2.1	1.64	-1.06369
2.1	1.68	-0.992567
2.1	1.72	-0.905793
2.1	1.76	-0.804733
2.1	1.8	-0.690983
2.1	1.84	-0.566335
2.1	1.88	-0.432756
2.1	1.92	-0.292352
2.1	1.96	-0.147338
2.1	2	-2.87922e-016
2.1	2.04	0.147338
2.1	2.08	0.292352
2.1	2.12	0.432756
2.1	2.16	0.566335
2.1	2.2	0.690983
2.1	2.24	0.804733
2.1	2.28	0.905793
2.1	2.32	0.992567
2.1	2.36	1.06369
2.1	2.4	1.11803
2.1	2.44	1.15475
2.1	2.48	1.17325
2.1	2.52	1.17325
2.1	2.56	1.15475
2.1	2.6	1.11803
2.1	2.64	1.06369
2.1	2.68	0.992567
2.1	2.72	0.905793
2.1	2.76	0.804733
2.1	2.8	0.690983
2.1	2.84	0.566335
2.1	2.88	0.432756
2.1	2.92	0.292352
2.1	2.96	0.147338
2.1	3	4.31883e-016
2.1	3.04	-0.147338
2.1	3.08	-0.292352
2.1	3.12	-0.432756
2.1	3.16	-0.566335
2.1	3.2	-0.690983
2.1	3.24	-0.804733
2.1	3.28	-0.905793
2.1	3.32	-0.992567
2.1	3.36	-1.06369
2.1	3.4	-1.11803
2.1	3.44	-1.15475
2.1	3.48	-1.17325
2.1	3.52	-1.17325
2.1	3.56	-1.15475
2.1	3.6	-1.11803
2.1	3.64	-1.06369
2.1	3.68	-0.992567
2.1	3.72	-0.905793
2.1	3.76	-0.804733
2.1	3.8	-0.690983
2.1	3.84	-0.566335
2.1	3.88	-0.432756
2.1	3.92	-0.292352
2.1	3.96	-0.147338
2.1	4	-5.75844e-016
2.2	0	-0
2.2	0.04	-0.0774602
2.2	0.08	-0.153699
2.2	0.12	-0.227513
2.2	0.16	-0.29774
2.2	0.2	-0.363271
2.2	0.24	-0.423073
2.2	0.28	-0.476203
2.2	0.32	-0.521823
2.2	0.36	-0.559214
2.2	0.4	-0.587785
2.2	0.44	-0.607087
2.2	0.48	-0.616814
2.2	0.52	-0.616814
2.2	0.56	-0.607087
2.2	0.6	-0.587785
2.2	0.64	-0.559214
2.2	0.68	-0.521823
2.2	0.72	-0.476203
2.2	0.76	-0.423073
2.2	0.8	-0.363271
2.2	0.84	-0.29774
2.2	0.88	-0.227513
2.2	0.92	-0.153699
2.2	0.96	-0.0774602
2.2	1	-7.56848e-017
2.2	1.04	0.0774602
2.2	1.08	0.153699
2.2	1.12	0.227513
2.2	1.16	0.29774
2.2	1.2	0.363271
2.2	1.24	0.423073
2.2	1.28	0.476203
2.2	1.32	0.521823
2.2	1.36	0.559214
2.2	1.4	0.587785
2.2	1.44	0.607087
2.2	1.48	0.616814
2.2	1.52	0.616814
2.2	1.56	0.607087
2.2	1.6	0.587785
2.2	1.64	0.559214
2.2	1.68	0.521823
2.2	1.72	0.476203
2.2	1.76	0.423073
2.2	1.8	0.363271
2.2	1.84	0.29774
2.2	1.88	0.227513
2.2	1.92	0.153699
2.2	1.96	0.0774602
2.2	2	1.5137e-016
2.2	2.04	-0.0774602
2.2	2.08	-0.153699
2.2	2.12	-0.227513
2.2	2.16	-0.29774
2.2	2.2	-0.363271
2.2	2.24	-0.423073
2.2	2.28	-0.476203
2.2	2.32	-0.521823
2.2	2.36	-0.559214
2.2	2.4	-0.587785
2.2	2.44	-0.607087
2.2	2.48	-0.616814
2.2	2.52	-0.616814
2.2	2.56	-0.607087
2.2	2.6	-0.587785
2.2	2.64	-0.559214
2.2	2.68	-0.521823
2.2	2.72	-0.476203
2.2	2.76	-0.423073
2.2	2.8	-0.363271
2.2	2.84	-0.29774
2.2	2.88	-0.227513
2.2	2.92	-0.153699
2.2	2.96	-0.0774602
2.2	3	-2.27055e-016
2.2	3.04	0.0774602
2.2	3.08	0.153699
2.2	3.12	0.227513
2.2	3.16	0.29774
2.2	3.2	0.363271
2.2	3.24	0.423073
2.2	3.28	0.476203
2.2	3.32	0.521823
2.2	3.36	0.559214
2.2	3.4	0.587785
2.2	3.44	0.607087
2.2	3.48	0.616814
2.2	3.52	0.616814
2.2	3.56	0.607087
2.2	3.6	0.587785
2.2	3.64	0.559214
2.2	3.68	0.521823
2.2	3.72	0.476203
2.2	3.76	0.423073
2.2	3.8	0.363271
2.2	3.84	0.29774
2.2	3.88	0.227513
2.2	3.92	0.153699
2.2	3.96	0.0774602
2.2	4	3.02739e-016
2.3	0	-0
2.3	0.04	-0.238398
2.3	0.08	-0.473036
2.3	0.12	-0.700215
2.3	0.16	-0.91635
2.3	0.2	-1.11803
2.3	0.24	-1.30209
2.3	0.28	-1.4656
2.3	0.32	-1.60601
2.3	0.36	-1.72108
2.3	0.4	-1.80902
2.3	0.44	-1.86842
2.3	0.48	-1.89836
2.3	0.52	-1.89836
2.3	0.56	-1.86842
2.3	0.6	-1.80902
2.3	0.64	-1.72108
2.3	0.68	-1.60601
2.3	0.72	-1.4656
2.3	0.76	-1.30209
2.3	0.8	-1.11803
2.3	0.84	-0.91635
2.3	0.88	-0.700215
2.3	0.92	-0.473036
2.3	0.96	-0.238398
2.3	1	-2.32934e-016
2.3	1.04	0.238398
2.3	1.08	0.473036
2.3	1.12	0.700215
2.3	1.16	0.91635
2.3	1.2	1.11803
2.3	1.24	1.30209
2.3	1.28	1.4656
2.3	1.32	1.60601
2.3	1.36	1.72108
2.3	1.4	1.80902
2.3	1.44	1.86842
2.3	1.48	1.89836
2.3	1.52	1.89836
2.3	1.56	1.86842
2.3	1.6	1.80902
2.3	1.64	1.72108
2.3	1.68	1.60601
2.3	1.72	1.4656
2.3	1.76	1.30209
2.3	1.8	1.11803
2.3	1.84	0.91635
2.3	1.88	0.700215
2.3	1.92	0.473036
2.3	1.96	0.238398
2.3	2	4.65868e-016
2.3	2.04	-0.238398
2.3	2.08	-0.473036
2.3	2.12	-0.700215
2.3	2.16	-0.91635
2.3	2.2	-1.11803
2.3	2.24	-1.30209
2.3	2.28	-1.4656
2.3	2.32	-1.60601
2.3	2.36	-1.72108
2.3	2.4	-1.80902
2.3	2.44	-1.86842
2.3	2.48	-1.89836
2.3	2.52	-1.89836
2.3	2.56	-1.86842
2.3	2.6	-1.80902
2.3	2.64	-1.72108
2.3	2.68	-1.60601
2.3	2.72	-1.4656
2.3	2.76	-1.30209
2.3	2.8	-1.11803
2.3	2.84	-0.91635
2.3	2.88	-0.700215
2.3	2.92	-0.473036
2.3	2.96	-0.238398
2.3	3	-6.98802e-016
2.3	3.04	0.238398
2.3	3.08	0.473036
2.3	3.12	0.700215
2.3	3.16	0.91635
2.3	3.2	1.11803
2.3	3.24	1.30209
2.3	3.28	1.4656
2.3	3.32	1.60601
2.3	3.36	1.72108
2.3	3.4	1.80902
2.3	3.44	1.86842
2.3	3.48	1.89836
2.3	3.52	1.89836
2.3	3.56	1.86842
2.3	3.6	1.80902
2.3	3.64	1.72108
2.3	3.68	1.60601
2.3	3.72	1.4656
2.3	3.76	1.30209
2.3	3.8	1.11803
2.3	3.84	0.91635
2.3	3.88	0.700215
2.3	3.92	0.473036
2.3	3.96	0.238398
2.3	4	9.31736e-016
2.4	0	-0
2.4	0.04	-0.202793
2.4	0.08	-0.402389
2.4	0.12	-0.595638
2.4	0.16	-0.779494
2.4	0.2	-0.951057
2.4	0.24	-1.10762
2.4	0.28	-1.24672
2.4	0.32	-1.36615
2.4	0.36	-1.46404
2.4	0.4	-1.53884
2.4	0.44	-1.58937
2.4	0.48	-1.61484
2.4	0.52	-1.61484
2.4	0.56	-1.58937
2.4	0.6	-1.53884
2.4	0.64	-1.46404
2.4	0.68	-1.36615
2.4	0.72	-1.24672
2.4	0.76	-1.10762
2.4	0.8	-0.951057
2.4	0.84	-0.779494
2.4	0.88	-0.595638
2.4	0.92	-0.402389
2.4	0.96	-0.202793
2.4	1	-1.98145e-016
2.4	1.04	0.202793
2.4	1.08	0.402389
2.4	1.12	0.595638
2.4	1.16	0.779494
2.4	1.2	0.951057
2.4	1.24	1.10762
2.4	1.28	1.24672
2.4	1.32	1.36615
2.4	1.36	1.46404
2.4	1.4	1.53884
2.4	1.44	1.58937
2.4	1.48	1.61484
2.4	1.52	1.61484
2.4	1.56	1.58937
2.4	1.6	1.53884
2.4	1.64	1.46404
2.4	1.68	1.36615
2.4	1.72	1.24672
2.4	1.76	1.10762
2.4	1.8	0.951057
2.4	1.84	0.779494
2.4	1.88	0.595638
2.4	1.92	0.402389
2.4	1.96	0.202793
2.4	2	3.96291e-016
2.4	2.04	-0.202793
2.4	2.08	-0.402389
2.4	2.12	-0.595638
2.4	2.16	-0.779494
2.4	2.2	-0.951057
2.4	2.24	-1.10762
2.4	2.28	-1.24672
2.4	2.32	-1.36615
2.4	2.36	-1.46404
2.4	2.4	-1.53884
2.4	2.44	-1.58937
2.4	2.48	-1.61484
2.4	2.52	-1.61484
2.4	2.56	-1.58937
2.4	2.6	-1.53884
2.4	2.64	-1.46404
2.4	2.68	-1.36615
2.4	2.72	-1.24672
2.4	2.76	-1.10762
2.4	2.8	-0.951057
2.4	2.84	-0.779494
2.4	2.88	-0.595638
2.4	2.92	-0.402389
2.4	2.96	-0.202793
2.4	3	-5.94436e-016
2.4	3.04	0.202793
2.4	3.08	0.402389
2.4	3.12	0.595638
2.4	3.16	0.779494
2.4	3.2	0.951057
2.4	3.24	1.10762
2.4	3.28	1.24672
2.4	3.32	1.36615
2.4	3.36	1.46404
2.4	3.4	1.53884
2.4	3.44	1.58937
2.4	3.48	1.61484
2.4	3.52	1.61484
2.4	3.56	1.58937
2.4	3.6	1.53884
2.4	3.64	1.46404
2.4	3.68	1.36615
2.4	3.72	1.24672
2.4	3.76	1.10762
2.4	3.8	0.951057
2.4	3.84	0.779494
2.4	3.88	0.595638
2.4	3.92	0.402389
2.4	3.96	0.202793
2.4	4	7.92582e-016
2.5	0	-0
2.5	0.04	-6.75499e-016
2.5	0.08	-1.34034e-015
2.5	0.12	-1.98405e-015
2.5	0.16	-2.59647e-015
2.5	0.2	-3.16794e-015
2.5	0.24	-3.68945e-015
2.5	0.28	-4.15278e-015
2.5	0.32	-4.55061e-015
2.5	0.36	-4.87668e-015
2.5	0.4	-5.12584e-015
2.5	0.44	-5.29416e-015
2.5	0.48	-5.37899e-015
2.5	0.52	-5.37899e-015
2.5	0.56	-5.29416e-015
2.5	0.6	-5.12584e-015
2.5	0.64	-4.87668e-015
2.5	0.68	-4.55061e-015
2.5	0.72	-4.15278e-015
2.5	0.76	-3.68945e-015
2.5	0.8	-3.16794e-015
2.5	0.84	-2.59647e-015
2.5	0.88	-1.98405e-015
2.5	0.92	-1.34034e-015
2.5	0.96	-6.75499e-016
2.5	1	-6.60017e-031
2.5	1.04	6.75499e-016
2.5	1.08	1.34034e-015
2.5	1.12	1.98405e-015
2.5	1.16	2.59647e-015
2.5	1.2	3.16794e-015
2.5	1.24	3.68945e-015
2.5	1.28	4.15278e-015
2.5	1.32	4.55061e-015
2.5	1.36	4.87668e-015
2.5	1.4	5.12584e-015
2.5	1.44	5.29416e-015
2.5	1.48	5.37899e-015
2.5	1.52	5.37899e-015
2.5	1.56	5.29416e-015
2.5	1.6	5.12584e-015
2.5	1.64	4.87668e-015
2.5	1.68	4.55061e-015
2.5	1.72	4.15278e-015
2.5	1.76	3.68945e-015
2.5	1.8	3.16794e-015
2.5	1.84	2.59647e-015
2.5	1.88	1.98405e-015
2.5	1.92	1.34034e-015
2.5	1.96	6.75499e-016
2.5	2	1.32003e-030
2.5	2.04	-6.75499e-016
2.5	2.08	-1.34034e-015
2.5	2.12	-1.98405e-015
2.5	2.16	-2.59647e-015
2.5	2.2	-3.16794e-015
2.5	2.24	-3.68945e-015
2.5	2.28	-4.15278e-015
2.5	2.32	-4.55061e-015
2.5	2.36	-4.87668e-015
2.5	2.4	-5.12584e-015
2.5	2.44	-5.29416e-015
2.5	2.48	-5.37899e-015
2.5	2.52	-5.37899e-015
2.5	2.56	-5.29416e-015
2.5	2.6	-5.12584e-015
2.5	2.64	-4.87668e-015
2.5	2.68	-4.55061e-015
2.5	2.72	-4.15278e-015
2.5	2.76	-3.68945e-015
2.5	2.8	-3.16794e-015
2.5	2.84	-2.59647e-015
2.5	2.88	-1.98405e-015
2.5	2.92	-1.34034e-015
2.5	2.96	-6.75499e-016
2.5	3	-1.98005e-030
2.5	3.04	6.75499e-016
2.5	3.08	1.34034e-015
2.5	3.12	1.98405e-015
2.5	3.16	2.59647e-015
2.5	3.2	3.16794e-015
2.5	3.24	3.68945e-015
2.5	3.28	4.15278e-015
2.5	3.32	4.55061e-015
2.5	3.36	4.87668e-015
2.5	3.4	5.12584e-015
2.5	3.44	5.29416e-015
2.5	3.48	5.37899e-015
2.5	3.52	5.37899e-015
2.5	3.56	5.29416e-015
2.5	3.6	5.12584e-015
2.5	3.64	4.87668e-015
2.5	3.68	4.55061e-015
2.5	3.72	4.15278e-015
2.5	3.76	3.68945e-015
2.5	3.8	3.16794e-015
2.5	3.84	2.59647e-015
2.5	3.88	1.98405e-015
2.5	3.92	1.34034e-015
2.5	3.96	6.75499e-016
2.5	4	2.64007e-030
2.6	0	0
2.6	0.04	0.202793
2.6	0.08	0.402389
2.6	0.12	0.595638
2.6	0.16	0.779494
2.6	0.2	0.951057
2.6	0.24	1.10762
2.6	0.28	1.24672
2.6	0.32	1.36615
2.6	0.36	1.46404
2.6	0.4	1.53884
2.6	0.44	1.58937
2.6	0.48	1.61484
2.6	0.52	1.61484
2.6	0.56	1.58937
2.6	0.6	1.53884
2.6	0.64	1.46404
2.6	0.68	1.36615
2.6	0.72	1.24672
2.6	0.76	1.10762
2.6	0.8	0.951057
2.6	0.84	0.779494
2.6	0.88	0.595638
2.6	0.92	0.402389
2.6	0.96	0.202793
2.6	1	1.98145e-016
2.6	1.04	-0.202793
2.6	1.08	-0.402389
2.6	1.12	-0.595638
2.6	1.16	-0.779494
2.6	1.2	-0.951057
2.6	1.24	-1.10762
2.6	1.28	-1.24672
2.6	1.32	-1.36615
2.6	1.36	-1.46404
2.6	1.4	-1.53884
2.6	1.44	-1.58937
2.6	1.48	-1.61484
2.6	1.52	-1.61484
2.6	1.56	-1.58937
2.6	1.6	-1.53884
2.6	1.64	-1.46404
2.6	1.68	-1.36615
2.6	1.72	-1.24672
2.6	1.76	-1.10762
2.6	1.8	-0.951057
2.6	1.84	-0.779494
2.6	1.88	-0.595638
2.6	1.92	-0.402389
2.6	1.96	-0.202793
2.6	2	-3.96291e-016
2.6	2.04	0.202793
2.6	2.08	0.402389
2.6	2.12	0.595638
2.6	2.16	0.779494
2.6	2.2	0.951057
2.6	2.24	1.10762
2.6	2.28	1.24672
2.6	2.32	1.36615
2.6	2.36	1.46404
2.6	2.4	1.53884
2.6	2.44	1.58937
2.6	2.48	1.61484
2.6	2.52	1.61484
2.6	2.56	1.58937
2.6	2.6	1.53884
2.6	2.64	1.46404
2.6	2.68	1.36615
2.6	2.72	1.24672
2.6	2.76	1.10762
2.6	2.8	0.951057
2.6	2.84	0.779494
2.6	2.88	0.595638
2.6	2.92	0.402389
2.6	2.96	0.202793
2.6	3	5.94436e-016
2.6	3.04	-0.202793
2.6	3.08	-0.402389
2.6	3.12	-0.595638
2.6	3.16	-0.779494
2.6	3.2	-0.951057
2.6	3.24	-1.10762
2.6	3.28	-1.24672
2.6	3.32	-1.36615
2.6	3.36	-1.46404
2.6	3.4	-1.53884
2.6	3.44	-1.58937
2.6	3.48	-1.61484
2.6	3.52	-1.61484
2.6	3.56	-1.58937
2.6	3.6	-1.53884
2.6	3.64	-1.46404
2.6	3.68	-1.36615
2.6	3.72	-1.24672
2.6	3.76	-1.10762
2.6	3.8	-0.951057
2.6	3.84	-0.779494
2.6	3.88	-0.595638
2.6	3.92	-0.402389
2.6	3.96	-0.202793
2.6	4	-7.92582e-016
2.7	0	0
2.7	0.04	0.238398
2.7	0.08	0.473036
2.7	0.12	0.700215
2.7	0.16	0.91635
2.7	0.2	1.11803
2.7	0.24	1.30209
2.7	0.28	1.4656
2.7	0.32	1.60601
2.7	0.36	1.72108
2.7	0.4	1.80902
2.7	0.44	1.86842
2.7	0.48	1.89836
2.7	0.52	1.89836
2.7	0.56	1.86842
2.7	0.6	1.80902
2.7	0.64	1.72108
2.7	0.68	1.60601
2.7	0.72	1.4656
2.7	0.76	1.30209
2.7	0.8	1.11803
2.7	0.84	0.91635
2.7	0.88	0.700215
2.7	0.92	0.473036
2.7	0.96	0.238398
2.7	1	2.32934e-016
2.7	1.04	-0.238398
2.7	1.08	-0.473036
2.7	1.12	-0.700215
2.7	1.16	-0.91635
2.7	1.2	-1.11803
2.7	1.24	-1.30209
2.7	1.28	-1.4656
2.7	1.32	-1.60601
2.7	1.36	-1.72108
2.7	1.4	-1.80902
2.7	1.44	-1.86842
2.7	1.48	-1.89836
2.7	1.52	-1.89836
2.7	1.56	-1.86842
2.7	1.6	-1.80902
2.7	1.64	-1.72108
2.7	1.68	-1.60601
2.7	1.72	-1.4656
2.7	1.76	-1.30209
2.7	1.8	-1.11803
2.7	1.84	-0.91635
2.7	1.88	-0.700215
2.7	1.92	-0.473036
2.7	1.96	-0.238398
2.7	2	-4.65868e-016
2.7	2.04	0.238398
2.7	2.08	0.473036
2.7	2.12	0.700215
2.7	2.16	0.91635
2.7	2.2	1.11803
2.7	2.24	1.30209
2.7	2.28	1.4656
2.7	2.32	1.60601
2.7	2.36	1.72108
2.7	2.4	1.80902
2.7	2.44	1.86842
2.7	2.48	1.89836
2.7	2.52	1.89836
2.7	2.56	1.86842
2.7	2.6	1.80902
2.7	2.64	1.72108
2.7	2.68	1.60601
2.7	2.72	1.4656
2.7	2.76	1.30209
2.7	2.8	1.11803
2.7	2.84	0.91635
2.7	2.88	0.700215
2.7	2.92	0.473036
2.7	2.96	0.238398
2.7	3	6.98802e-016
2.7	3.04	-0.238398
2.7	3.08	-0.473036
2.7	3.12	-0.700215
2.7	3.16	-0.91635
2.7	3.2	-1.11803
2.7	3.24	-1.30209
2.7	3.28	-1.4656
2.7	3.32	-1.60601
2.7	3.36	-1.72108
2.7	3.4	-1.80902
2.7	3.44	-1.86842
2.7	3.48	-1.89836
2.7	3.52	-1.89836
2.7	3.56	-1.86842
2.7	3.6	-1.80902
2.7	3.64	-1.72108
2.7	3.68	-1.60601
2.7	3.72	-1.4656
2.7	3.76	-1.30209
2.7	3.8	-1.11803
2.7	3.84	-0.91635
2.7	3.88	-0.700215
2.7	3.92	-0.473036
2.7	3.96	-0.238398
2.7	4	-9.31736e-016
2.8	0	0
2.8	0.04	0.0774602
2.8	0.08	0.153699
2.8	0.12	0.227513
2.8	0.16	0.29774
2.8	0.2	0.363271
2.8	0.24	0.423073
2.8	0.28	0.476203
2.8	0.32	0.521823
2.8	0.36	0.559214
2.8	0.4	0.587785
2.8	0.44	0.607087
2.8	0.48	0.616814
2.8	0.52	0.616814
2.8	0.56	0.607087
2.8	0.6	0.587785
2.8	0.64	0.559214
2.8	0.68	0.521823
2.8	0.72	0.476203
2.8	0.76	0.423073
2.8	0.8	0.363271
2.8	0.84	0.29774
2.8	0.88	0.227513
2.8	0.92	0.153699
2.8	0.96	0.0774602
2.8	1	7.56848e-017
2.8	1.04	-0.0774602
2.8	1.08	-0.153699
2.8	1.12	-0.227513
2.8	1.16	-0.29774
2.8	1.2	-0.363271
2.8	1.24	-0.423073
2.8	1.28	-0.476203
2.8	1.32	-0.521823
2.8	1.36	-0.559214
2.8	1.4	-0.587785
2.8	1.44	-0.607087
2.8	1.48	-0.616814
2.8	1.52	-0.616814
2.8	1.56	-0.607087
2.8	1.6	-0.587785
2.8	1.64	-0.559214
2.8	1.68	-0.521823
2.8	1.72	-0.476203
2.8	1.76	-0.423073
2.8	1.8	-0.363271
2.8	1.84	-0.29774
2.8	1.88	-0.227513
2.8	1.92	-0.153699
2.8	1.96	-0.0774602
2.8	2	-1.5137e-016
2.8	2.04	0.0774602
2.8	2.08	0.153699
2.8	2.12	0.227513
2.8	2.16	0.29774
2.8	2.2	0.363271
2.8	2.24	0.423073
2.8	2.28	0.476203
2.8	2.32	0.521823
2.8	2.36	0.559214
2.8	2.4	0.587785
2.8	2.44	0.607087
2.8	2.48	0.616814
2.8	2.52	0.616814
2.8	2.56	0.607087
2.8	2.6	0.587785
2.8	2.64	0.559214
2.8	2.68	0.521823
2.8	2.72	0.476203
2.8	2.76	0.423073
2.8	2.8	0.363271
2.8	2.84	0.29774
2.8	2.88	0.227513
2.8	2.92	0.153699
2.8	2.96	0.0774602
2.8	3	2.27055e-016
2.8	3.04	-0.0774602
2.8	3.08	-0.153699
2.8	3.12	-0.227513
2.8	3.16	-0.29774
2.8	3.2	-0.363271
2.8	3.24	-0.423073
2.8	3.28	-0.476203
2.8	3.32	-0.521823
2.8	3.36	-0.559214
2.8	3.4	-0.587785
2.8	3.44	-0.607087
2.8	3.48	-0.616814
2.8	3.52	-0.616814
2.8	3.56	-0.607087
2.8	3.6	-0.587785
2.8	3.64	-0.559214
2.8	3.68	-0.521823
2.8	3.72	-0.476203
2.8	3.76	-0.423073
2.8	3.8	-0.363271
2.8	3.84	-0.29774
2.8	3.88	-0.227513
2.8	3.92	-0.153699
2.8	3.96	-0.0774602
2.8	4	-3.02739e-016
2.9	0	-0
2.9	0.04	-0.147338
2.9	0.08	-0.292352
2.9	0.12	-0.432756
2.9	0.16	-0.566335
2.9	0.2	-0.690983
2.9	0.24	-0.804733
2.9	0.28	-0.905793
2.9	0.32	-0.992567
2.9	0.36	-1.06369
2.9	0.4	-1.11803
2.9	0.44	-1.15475
2.9	0.48	-1.17325
2.9	0.52	-1.17325
2.9	0.56	-1.15475
2.9	0.6	-1.11803
2.9	0.64	-1.06369
2.9	0.68	-0.992567
2.9	0.72	-0.905793
2.9	0.76	-0.804733
2.9	0.8	-0.690983
2.9	0.84	-0.566335
2.9	0.88	-0.432756
2.9	0.92	-0.292352
2.9	0.96	-0.147338
2.9	1	-1.43961e-016
2.9	1.04	0.147338
2.9	1.08	0.292352
2.9	1.12	0.432756
2.9	1.16	0.566335
2.9	1.2	0.690983
2.9	1.24	0.804733
2.9	1.28	0.905793
2.9	1.32	0.992567
2.9	1.36	1.06369
2.9	1.4	1.11803
2.9	1.44	1.15475
2.9	1.48	1.17325
2.9	1.52	1.17325
2.9	1.56	1.15475
2.9	1.6	1.11803
2.9	1.64	1.06369
2.9	1.68	0.992567
2.9	1.72	0.905793
2.9	1.76	0.804733
2.9	1.8	0.690983
2.9	1.84	0.566335
2.9	1.88	0.432756
2.9	1.92	0.292352
2.9	1.96	0.147338
2.9	2	2.87922e-016
2.9	2.04	-0.147338
2.9	2.08	-0.292352
2.9	2.12	-0.432756
2.9	2.16	-0.566335
2.9	2.2	-0.690983
2.9	2.24	-0.804733
2.9	2.28	-0.905793
2.9	2.32	-0.992567
2.9	2.36	-1.06369
2.9	2.4	-1.11803
2.9	2.44	-1.15475
2.9	2.48	-1.17325
2.9	2.52	-1.17325
2.9	2.56	-1.15475
2.9	2.6	-1.11803
2.9	2.64	-1.06369
2.9	2.68	-0.992567
2.9	2.72	-0.905793
2.9	2.76	-0.804733
2.9	2.8	-0.690983
2.9	2.84	-0.566335
2.9	2.88	-0.432756
2.9	2.92	-0.292352
2.9	2.96	-0.147338
2.9	3	-4.31883e-016
2.9	3.04	0.147338
2.9	3.08	0.292352
2.9	3.12	0.432756
2.9	3.16	0.566335
2.9	3.2	0.690983
2.9	3.24	0.804733
2.9	3.28	0.905793
2.9	3.32	0.992567
2.9	3.36	1.06369
2.9	3.4	1.11803
2.9	3.44	1.15475
2.9	3.48	1.17325
2.9	3.52	1.17325
2.9	3.56	1.15475
2.9	3.6	1.11803
2.9	3.64	1.06369
2.9	3.68	0.992567
2.9	3.72	0.905793
2.9	3.76	0.804733
2.9	3.8	0.690983
2.9	3.84	0.566335
2.9	3.88	0.432756
2.9	3.92	0.292352
2.9	3.96	0.147338
2.9	4	5.75844e-016
3	0	-0
3	0.04	-0.250666
3	0.08	-0.49738
3	0.12	-0.736249
3	0.16	-0.963507
3	0.2	-1.17557
3	0.24	-1.36909
3	0.28	-1.54103
3	0.32	-1.68866
3	0.36	-1.80965
3	0.4	-1.90211
3	0.44	-1.96457
3	0.48	-1.99605
3	0.52	-1.99605
3	0.56	-1.96457
3	0.6	-1.90211
3	0.64	-1.80965
3	0.68	-1.68866
3	0.72	-1.54103
3	0.76	-1.36909
3	0.8	-1.17557
3	0.84	-0.963507
3	0.88	-0.736249
3	0.92	-0.49738
3	0.96	-0.250666
3	1	-2.44921e-016
3	1.04	0.250666
3	1.08	0.49738
3	1.12	0.736249
3	1.16	0.963507
3	1.2	1.17557
3	1.24	1.36909
3	1.28	1.54103
3	1.32	1.68866
3	1.36	1.80965
3	1.4	1.90211
3	1.44	1.96457
3	1.48	1.99605
3	1.52	1.99605
3	1.56	1.96457
3	1.6	1.90211
3	1.64	1.80965
3	1.68	1.68866
3	1.72	1.54103
3	1.76	1.36909
3	1.8	1.17557
3	1.84	0.963507
3	1.88	0.736249
3	1.92	0.49738
3	1.96	0.250666
3	2	4.89843e-016
3	2.04	-0.250666
3	2.08	-0.49738
3	2.12	-0.736249
3	2.16	-0.963507
3	2.2	-1.17557
3	2.24	-1.36909
3	2.28	-1.54103
3	2.32	-1.68866
3	2.36	-1.80965
3	2.4	-1.90211
3	2.44	-1.96457
3	2.48	-1.99605
3	2.52	-1.99605
3	2.56	-1.96457
3	2.6	-1.90211
3	2.64	-1.80965
3	2.68	-1.68866
3	2.72	-1.54103
3	2.76	-1.36909
3	2.8	-1.17557
3	2.84	-0.963507
3	2.88	-0.736249
3	2.92	-0.49738
3	2.96	-0.250666
3	3	-7.34764e-016
3	3.04	0.250666
3	3.08	0.49738
3	3.12	0.736249
3	3.16	0.963507
3	3.2	1.17557
3	3.24	1.36909
3	3.28	1.54103
3	3.32	1.68866
3	3.36	1.80965
3	3.4	1.90211
3	3.44	1.96457
3	3.48	1.99605
3	3.52	1.99605
3	3.56	1.96457
3	3.6	1.90211
3	3.64	1.80965
3	3.68	1.68866
3	3.72	1.54103
3	3.76	1.36909
3	3.8	1.17557
3	3.84	0.963507
3	3.88	0.736249
3	3.92	0.49738
3	3.96	0.250666
3	4	9.79685e-016
3.1	0	-0
3.1	0.04	-0.147338
3.1	0.08	-0.292352
3.1	0.12	-0.432756
3.1	0.16	-0.566335
3.1	0.2	-0.690983
3.1	0.24	-0.804733
3.1	0.28	-0.905793
3.1	0.32	-0.992567
3.1	0.36	-1.06369
3.1	0.4	-1.11803
3.1	0.44	-1.15475
3.1	0.48	-1.17325
3.1	0.52	-1.17325
3.1	0.56	-1.15475
3.1	0.6	-1.11803
3.1	0.64	-1.06369
3.1	0.68	-0.992567
3.1	0.72	-0.905793
3.1	0.76	-0.804733
3.1	0.8	-0.690983
3.1	0.84	-0.566335
3.1	0.88	-0.432756
3.1	0.92	-0.292352
3.1	0.96	-0.147338
3.1	1	-1.43961e-016
3.1	1.04	0.147338
3.1	1.08	0.292352
3.1	1.12	0.432756
3.1	1.16	0.566335
3.1	1.2	0.690983
3.1	1.24	0.804733
3.1	1.28	0.905793
3.1	1.32	0.992567
3.1	1.36	1.06369
3.1	1.4	1.11803
3.1	1.44	1.15475
3.1	1.48	1.17325
3.1	1.52	1.17325
3.1	1.56	1.15475
3.1	1.6	1.11803
3.1	1.64	1.06369
3.1	1.68	0.992567
3.1	1.72	0.905793
3.1	1.76	0.804733
3.1	1.8	0.690983
3.1	1.84	0.566335
3.1	1.88	0.432756
3.1	1.92	0.292352
3.1	1.96	0.147338
3.1	2	2.87922e-016
3.1	2.04	-0.147338
3.1	2.08	-0.292352
3.1	2.12	-0.432756
3.1	2.16	-0.566335
3.1	2.2	-0.690983
3.1	2.24	-0.804733
3.1	2.28	-0.905793
3.1	2.32	-0.992567
3.1	2.36	-1.06369
3.1	2.4	-1.11803
3.1	2.44	-1.15475
3.1	2.48	-1.17325
3.1	2.52	-1.17325
3.1	2.56	-1.15475
3.1	2.6	-1.11803
3.1	2.64	-1.06369
3.1	2.68	-0.992567
3.1	2.72	-0.905793
3.1	2.76	-0.804733
3.1	2.8	-0.690983
3.1	2.84	-0.566335
3.1	2.88	-0.432756
3.1	2.92	-0.292352
3.1	2.96	-0.147338
3.1	3	-4.31883e-016
3.1	3.04	0.147338
3.1	3.08	0.292352
3.1	3.12	0.432756
3.1	3.16	0.566335
3.1	3.2	0.690983
3.1	3.24	0.804733
3.1	3.28	0.905793
3.1	3.32	0.992567
3.1	3.36	1.06369
3.1	3.4	1.11803
3.1	3.44	1.15475
3.1	3.48	1.17325
3.1	3.52	1.17325
3.1	3.56	1.15475
3.1	3.6	1.11803
3.1	3.64	1.06369
3.1	3.68	0.992567
3.1	3.72	0.905793
3.1	3.76	0.804733
3.1	3.8	0.690983
3.1	3.84	0.566335
3.1	3.88	0.432756
3.1	3.92	0.292352
3.1	3.96	0.147338
3.1	4	5.75844e-016
3.2	0	0
3.2	0.04	0.0774602
3.2	0.08	0.153699
3.2	0.12	0.227513
3.2	0.16	0.29774
3.2	0.2	0.363271
3.2	0.24	0.423073
3.2	0.28	0.476203
3.2	0.32	0.521823
3.2	0.36	0.559214
3.2	0.4	0.587785
3.2	0.44	0.607087
3.2	0.48	0.616814
3.2	0.52	0.616814
3.2	0.56	0.607087
3.2	0.6	0.587785
3.2	0.64	0.559214
3.2	0.68	0.521823
3.2	0.72	0.476203
3.2	0.76	0.423073
3.2	0.8	0.363271
3.2	0.84	0.29774
3.2	0.88	0.227513
3.2	0.92	0.153699
3.2	0.96	0.0774602
3.2	1	7.56848e-017
3.2	1.04	-0.0774602
3.2	1.08	-0.153699
3.2	1.12	-0.227513
3.2	1.16	-0.29774
3.2	1.2	-0.363271
3.2	1.24	-0.423073
3.2	1.28	-0.476203
3.2	1.32	-0.521823
3.2	1.36	-0.559214
3.2	1.4	-0.587785
3.2	1.44	-0.607087
3.2	1.48	-0.616814
3.2	1.52	-0.616814
3.2	1.56	-0.607087
3.2	1.6	-0.587785
3.2	1.64	-0.559214
3.2	1.68	-0.521823
3.2	1.72	-0.476203
3.2	1.76	-0.423073
3.2	1.8	-0.363271
3.2	1.84	-0.29774
3.2	1.88	-0.227513
3.2	1.92	-0.153699
3.2	1.96	-0.0774602
3.2	2	-1.5137e-016
3.2	2.04	0.0774602
3.2	2.08	0.153699
3.2	2.12	0.227513
3.2	2.16	0.29774
3.2	2.2	0.363271
3.2	2.24	0.423073
3.2	2.28	0.476203
3.2	2.32	0.521823
3.2	2.36	0.559214
3.2	2.4	0.587785
3.2	2.44	0.607087
3.2	2.48	0.616814
3.2	2.52	0.616814
3.2	2.56	0.607087
3.2	2.6	0.587785
3.2	2.64	0.559214
3.2	2.68	0.521823
3.2	2.72	0.476203
3.2	2.76	0.423073
3.2	2.8	0.363271
3.2	2.84	0.29774
3.2	2.88	0.227513
3.2	2.92	0.153699
3.2	2.96	0.0774602
3.2	3	2.27055e-016
3.2	3.04	-0.0774602
3.2	3.08	-0.153699
3.2	3.12	-0.227513
3.2	3.16	-0.29774
3.2	3.2	-0.363271
3.2	3.24	-0.423073
3.2	3.28	-0.476203
3.2	3.32	-0.521823
3.2	3.36	-0.559214
3.2	3.4	-0.587785
3.2	3.44	-0.607087
3.2	3.48	-0.616814
3.2	3.52	-0.616814
3.2	3.56	-0.607087
3.2	3.6	-0.587785
3.2	3.64	-0.559214
3.2	3.68	-0.521823
3.2	3.72	-0.476203
3.2	3.76	-0.423073
3.2	3.8	-0.363271
3.2	3.84	-0.29774
3.2	3.88	-0.227513
3.2	3.92	-0.153699
3.2	3.96	-0.0774602
3.2	4	-3.02739e-016
3.3	0	0
3.3	0.04	0.238398
3.3	0.08	0.473036
3.3	0.12	0.700215
3.3	0.16	0.91635
3.3	0.2	1.11803
3.3	0.24	1.30209
3.3	0.28	1.4656
3.3	0.32	1.60601
3.3	0.36	1.72108
3.3	0.4	1.80902
3.3	0.44	1.86842
3.3	0.48	1.89836
3.3	0.52	1.89836
3.3	0.56	1.86842
3.3	0.6	1.80902
3.3	0.64	1.72108
3.3	0.68	1.60601
3.3	0.72	1.4656
3.3	0.76	1.30209
3.3	0.8	1.11803
3.3	0.84	0.91635
3.3	0.88	0.700215
3.3	0.92	0.473036
3.3	0.96	0.238398
3.3	1	2.32934e-016
3.3	1.04	-0.238398
3.3	1.08	-0.473036
3.3	1.12	-0.700215
3.3	1.16	-0.91635
3.3	1.2	-1.11803
3.3	1.24	-1.30209
3.3	1.28	-1.4656
3.3	1.32	-1.60601
3.3	1.36	-1.72108
3.3	1.4	-1.80902
3.3	1.44	-1.86842
3.3	1.48	-1.89836
3.3	1.52	-1.89836
3.3	1.56	-1.86842
3.3	1.6	-1.80902
3.3	1.64	-1.72108
3.3	1.68	-1.60601
3.3	1.72	-1.4656
3.3	1.76	-1.30209
3.3	1.8	-1.11803
3.3	1.84	-0.91635
3.3	1.88	-0.700215
3.3	1.92	-0.473036
3.3	1.96	-0.238398
3.3	2	-4.65868e-016
3.3	2.04	0.238398
3.3	2.08	0.473036
3.3	2.12	0.700215
3.3	2.16	0.91635
3.3	2.2	1.11803
3.3	2.24	1.30209
3.3	2.28	1.4656
3.3	2.32	1.60601
3.3	2.36	1.72108
3.3	2.4	1.80902
3.3	2.44	1.86842
3.3	2.48	1.89836
3.3	2.52	1.89836
3.3	2.56	1.86842
3.3	2.6	1.80902
3.3	2.64	1.72108
3.3	2.68	1.60601
3.3	2.72	1.4656
3.3	2.76	1.30209
3.3	2.8	1.11803
3.3	2.84	0.91635
3.3	2.88	0.700215
3.3	2.92	0.473036
3.3	2.96	0.238398
3.3	3	6.98802e-016
3.3	3.04	-0.238398
3.3	3.08	-0.473036
3.3	3.12	-0.700215
3.3	3.16	-0.91635
3.3	3.2	-1.11803
3.3	3.24	-1.30209
3.3	3.28	-1.4656
3.3	3.32	-1.60601
3.3	3.36	-1.72108
3.3	3.4	-1.80902
3.3	3.44	-1.86842
3.3	3.48	-1.89836
3.3	3.52	-1.89836
3.3	3.56	-1.86842
3.3	3.6	-1.80902
3.3	3.64	-1.72108
3.3	3.68	-1.60601
3.3	3.72	-1.4656
3.3	3.76	-1.30209
3.3	3.8	-1.11803
3.3	3.84	-0.91635
3.3	3.88	-0.700215
3.3	3.92	-0.473036
3.3	3.96	-0.238398
3.3	4	-9.31736e-016
3.4	0	0
3.4	0.04	0.202793
3.4	0.08	0.402389
3.4	0.12	0.595638
3.4	0.16	0.779494
3.4	0.2	0.951057
3.4	0.24	1.10762
3.4	0.28	1.24672
3.4	0.32	1.36615
3.4	0.36	1.46404
3.4	0.4	1.53884
3.4	0.44	1.58937
3.4	0.48	1.61484
3.4	0.52	1.61484
3.4	0.56	1.58937
3.4	0.6	1.53884
3.4	0.64	1.46404
3.4	0.68	1.36615
3.4	0.72	1.24672
3.4	0.76	1.10762
3.4	0.8	0.951057
3.4	0.84	0.779494
3.4	0.88	0.595638
3.4	0.92	0.402389
3.4	0.96	0.202793
3.4	1	1.98145e-016
3.4	1.04	-0.202793
3.4	1.08	-0.402389
3.4	1.12	-0.595638
3.4	1.16	-0.779494
3.4	1.2	-0.951057
3.4	1.24	-1.10762
3.4	1.28	-1.24672
3.4	1.32	-1.36615
3.4	1.36	-1.46404
3.4	1.4	-1.53884
3.4	1.44	-1.58937
3.4	1.48	-1.61484
3.4	1.52	-1.61484
3.4	1.56	-1.58937
3.4	1.6	-1.53884
3.4	1.64	-1.46404
3.4	1.68	-1.36615
3.4	1.72	-1.24672
3.4	1.76	-1.10762
3.4	1.8	-0.951057
3.4	1.84	-0.779494
3.4	1.88	-0.595638
3.4	1.92	-0.402389
3.4	1.96	-0.202793
3.4	2	-3.96291e-016
3.4	2.04	0.202793
3.4	2.08	0.402389
3.4	2.12	0.595638
3.4	2.16	0.779494
3.4	2.2	0.951057
3.4	2.24	1.10762
3.4	2.28	1.24672
3.4	2.32	1.36615
3.4	2.36	1.46404
3.4	2.4	1.53884
3.4	2.44	1.58937
3.4	2.48	1.61484
3.4	2.52	1.61484
3.4	2.56	1.58937
3.4	2.6	1.53884
3.4	2.64	1.46404
3.4	2.68	1.36615
3.4	2.72	1.24672
3.4	2.76	1.10762
3.4	2.8	0.951057
3.4	2.84	0.779494
3.4	2.88	0.595638
3.4	2.92	0.402389
3.4	2.96	0.202793
3.4	3	5.94436e-016
3.4	3.04	-0.202793
3.4	3.08	-0.402389
3.4	3.12	-0.595638
3.4	3.16	-0.779494
3.4	3.2	-0.951057
3.4	3.24	-1.10762
3.4	3.28	-1.24672
3.4	3.32	-1.36615
3.4	3.36	-1.46404
3.4	3.4	-1.53884
3.4	3.44	-1.58937
3.4	3.48	-1.61484
3.4	3.52	-1.61484
3.4	3.56	-1.58937
3.4	3.6	-1.53884
3.4	3.64	-1.46404
3.4	3.68	-1.36615
3.4	3.72	-1.24672
3.4	3.76	-1.10762
3.4	3.8	-0.951057
3.4	3.84	-0.779494
3.4	3.88	-0.595638
3.4	3.92	-0.402389
3.4	3.96	-0.202793
3.4	4	-7.92582e-016
3.5	0	-0
3.5	0.04	-1.22957e-016
3.5	0.08	-2.43975e-016
3.5	0.12	-3.61145e-016
3.5	0.16	-4.7262e-016
3.5	0.2	-5.76641e-016
3.5	0.24	-6.71568e-016
3.5	0.28	-7.55905e-016
3.5	0.32	-8.2832e-016
3.5	0.36	-8.87672e-016
3.5	0.4	-9.33025e-016
3.5	0.44	-9.63663e-016
3.5	0.48	-9.79104e-016
3.5	0.52	-9.79104e-016
3.5	0.56	-9.63663e-016
3.5	0.6	-9.33025e-016
3.5	0.64	-8.87672e-016
3.5	0.68	-8.2832e-016
3.5	0.72	-7.55905e-016
3.5	0.76	-6.71568e-016
3.5	0.8	-5.76641e-016
3.5	0.84	-4.7262e-016
3.5	0.88	-3.61145e-016
3.5	0.92	-2.43975e-016
3.5	0.96	-1.22957e-016
3.5	1	-1.20139e-031
3.5	1.04	1.22957e-016
3.5	1.08	2.43975e-016
3.5	1.12	3.61145e-016
3.5	1.16	4.7262e-016
3.5	1.2	5.76641e-016
3.5	1.24	6.71568e-016
3.5	1.28	7.55905e-016
3.5	1.32	8.2832e-016
3.5	1.36	8.87672e-016
3.5	1.4	9.33025e-016
3.5	1.44	9.63663e-016
3.5	1.48	9.79104e-016
3.5	1.52	9.79104e-016
3.5	1.56	9.63663e-016
3.5	1.6	9.33025e-016
3.5	1.64	8.87672e-016
3.5	1.68	8.2832e-016
3.5	1.72	7.55905e-016
3.5	1.76	6.71568e-016
3.5	1.8	5.76641e-016
3.5	1.84	4.7262e-016
3.5	1.88	3.61145e-016
3.5	1.92	2.43975e-016
3.5	1.96	1.22957e-016
3.5	2	2.40278e-031
3.5	2.04	-1.22957e-016
3.5	2.08	-2.43975e-016
3.5	2.12	-3.61145e-016
3.5	2.16	-4.7262e-016
3.5	2.2	-5.76641e-016
3.5	2.24	-6.71568e-016
3.5	2.28	-7.55905e-016
3.5	2.32	-8.2832e-016
3.5	2.36	-8.87672e-016
3.5	2.4	-9.33025e-016
3.5	2.44	-9.63663e-016
3.5	2.48	-9.79104e-016
3.5	2.52	-9.79104e-016
3.5	2.56	-9.63663e-016
3.5	2.6	-9.33025e-016
3.5	2.64	-8.87672e-016
3.5	2.68	-8.2832e-016
3.5	2.72	-7.55905e-016
3.5	2.76	-6.71568e-016
3.5	2.8	-5.76641e-016
3.5	2.84	-4.7262e-016
3.5	2.88	-3.61145e-016
3.5	2.92	-2.43975e-016
3.5	2.96	-1.22957e-016
3.5	3	-3.60416e-031
3.5	3.04	1.22957e-016
3.5	3.08	2.43975e-016
3.5	3.12	3.61145e-016
3.5	3.16	4.7262e-016
3.5	3.2	5.76641e-016
3.5	3.24	6.71568e-016
3.5	3.28	7.55905e-016
3.5	3.32	8.2832e-016
3.5	3.36	8.87672e-016
3.5	3.4	9.33025e-016
3.5	3.44	9.63663e-016
3.5	3.48	9.79104e-016
3.5	3.52	9.79104e-016
3.5	3.56	9.63663e-016
3.5	3.6	9.33025e-016
3.5	3.64	8.87672e-016
3.5	3.68	8.2832e-016
3.5	3.72	7.55905e-016
3.5	3.76	6.71568e-016
3.5	3.8	5.76641e-016
3.5	3.84	4.7262e-016
3.5	3.88	3.61145e-016
3.5	3.92	2.43975e-016
3.5	3.96	1.22957e-016
3.5	4	4.80555e-031
3.6	0	-0
3.6	0.04	-0.202793
3.6	0.08	-0.402389
3.6	0.12	-0.595638
3.6	0.16	-0.779494
3.6	0.2	-0.951057
3.6	0.24	-1.10762
3.6	0.28	-1.24672
3.6	0.32	-1.36615
3.6	0.36	-1.46404
3.6	0.4	-1.53884
3.6	0.44	-1.58937
3.6	0.48	-1.61484
3.6	0.52	-1.61484
3.6	0.56	-1.58937
3.6	0.6	-1.53884
3.6	0.64	-1.46404
3.6	0.68	-1.36615
3.6	0.72	-1.24672
3.6	0.76	-1.10762
3.6	0.8	-0.951057
3.6	0.84	-0.779494
3.6	0.88	-0.595638
3.6	0.92	-0.402389
3.6	0.96	-0.202793
3.6	1	-1.98145e-016
3.6	1.04	0.202793
3.6	1.08	0.402389
3.6	1.12	0.595638
3.6	1.16	0.779494
3.6	1.2	0.951057
3.6	1.24	1.10762
3.6	1.28	1.24672
3.6	1.32	1.36615
3.6	1.36	1.46404
3.6	1.4	1.53884
3.6	1.44	1.58937
3.6	1.48	1.61484
3.6	1.52	1.61484
3.6	1.56	1.58937
3.6	1.6	1.53884
3.6	1.64	1.46404
3.6	1.68	1.36615
3.6	1.72	1.24672
3.6	1.76	1.10762
3.6	1.8	0.951057
3.6	1.84	0.779494
3.6	1.88	0.595638
3.6	1.92	0.402389
3.6	1.96	0.202793
3.6	2	3.96291e-016
3.6	2.04	-0.202793
3.6	2.08	-0.402389
3.6	2.12	-0.595638
3.6	2.16	-0.779494
3.6	2.2	-0.951057
3.6	2.24	-1.10762
3.6	2.28	-1.24672
3.6	2.32	-1.36615
3.6	2.36	-1.46404
3.6	2.4	-1.53884
3.6	2.44	-1.58937
3.6	2.48	-1.61484
3.6	2.52	-1.61484
3.6	2.56	-1.58937
3.6	2.6	-1.53884
3.6	2.64	-1.46404
3.6	2.68	-1.36615
3.6	2.72	-1.24672
3.6	2.76	-1.10762
3.6	2.8	-0.951057
3.6	2.84	-0.779494
3.6	2.88	-0.595638
3.6	2.92	-0.402389
3.6	2.96	-0.202793
3.6	3	-5.94436e-016
3.6	3.04	0.202793
3.6	3.08	0.402389
3.6	3.12	0.595638
3.6	3.16	0.779494
3.6	3.2	0.951057
3.6	3.24	1.10762
3.6	3.28	1.24672
3.6	3.32	1.36615
3.6	3.36	1.46404
3.6	3.4	1.53884
3.6	3.44	1.58937
3.6	3.48	1.61484
3.6	3.52	1.61484
3.6	3.56	1.58937
3.6	3.6	1.53884
3.6	3.64	1.46404
3.6	3.68	1.36615
3.6	3.72	1.24672
3.6	3.76	1.10762
3.6	3.8	0.951057
3.6	3.84	0.779494
3.6	3.88	0.595638
3.6	3.92	0.402389
3.6	3.96	0.202793
3.6	4	7.92582e-016
3.7	0	-0
3.7	0.04	-0.238398
3.7	0.08	-0.473036
3.7	0.12	-0.700215
3.7	0.16	-0.91635
3.7	0.2	-1.11803
3.7	0.24	-1.30209
3.7	0.28	-1.4656
3.7	0.32	-1.60601
3.7	0.36	-1.72108
3.7	0.4	-1.80902
3.7	0.44	-1.86842
3.7	0.48	-1.89836
3.7	0.52	-1.89836
3.7	0.56	-1.86842
3.7	0.6	-1.80902
3.7	0.64	-1.72108
3.7	0.68	-1.60601
3.7	0.72	-1.4656
3.7	0.76	-1.30209
3.7	0.8	-1.11803
3.7	0.84	-0.91635
3.7	0.88	-0.700215
3.7	0.92	-0.473036
3.7	0.96	-0.238398
3.7	1	-2.32934e-016
3.7	1.04	0.238398
3.7	1.08	0.473036
3.7	1.12	0.700215
3.7	1.16	0.91635
3.7	1.2	1.11803
3.7	1.24	1.30209
3.7	1.28	1.4656
3.7	1.32	1.60601
3.7	1.36	1.72108
3.7	1.4	1.80902
3.7	1.44	1.86842
3.7	1.48	1.89836
3.7	1.52	1.89836
3.7	1.56	1.86842
3.7	1.6	1.80902
3.7	1.64	1.72108
3.7	1.68	1.60601
3.7	1.72	1.4656
3.7	1.76	1.30209
3.7	1.8	1.11803
3.7	1.84	0.91635
3.7	1.88	0.700215
3.7	1.92	0.473036
3.7	1.96	0.238398
3.7	2	4.65868e-016
3.7	2.04	-0.238398
3.7	2.08	-0.473036
3.7	2.12	-0.700215
3.7	2.16	-0.91635
3.7	2.2	-1.11803
3.7	2.24	-1.30209
3.7	2.28	-1.4656
3.7	2.32	-1.60601
3.7	2.36	-1.72108
3.7	2.4	-1.80902
3.7	2.44	-1.86842
3.7	2.48	-1.89836
3.7	2.52	-1.89836
3.7	2.56	-1.86842
3.7	2.6	-1.80902
3.7	2.64	-1.72108
3.7	2.68	-1.60601
3.7	2.72	-1.4656
3.7	2.76	-1.30209
3.7	2.8	-1.11803
3.7	2.84	-0.91635
3.7	2.88	-0.700215
3.7	2.92	-0.473036
3.7	2.96	-0.238398
3.7	3	-6.98802e-016
3.7	3.04	0.238398
3.7	3.08	0.473036
3.7	3.12	0.700215
3.7	3.16	0.91635
3.7	3.2	1.11803
3.7	3.24	1.30209
3.7	3.28	1.4656
3.7	3.32	1.60601
3.7	3.36	1.72108
3.7	3.4	1.80902
3.7	3.44	1.86842
3.7	3.48	1.89836
3.7	3.52	1.89836
3.7	3.56	1.86842
3.7	3.6	1.80902
3.7	3.64	1.72108
3.7	3.68	1.60601
3.7	3.72	1.4656
3.7	3.76	1.30209
3.7	3.8	1.11803
3.7	3.84	0.91635
3.7	3.88	0.700215
3.7	3.92	0.473036
3.7	3.96	0.238398
3.7	4	9.31736e-016
3.8	0	-0
3.8	0.04	-0.0774602
3.8	0.08	-0.153699
3.8	0.12	-0.227513
3.8	0.16	-0.29774
3.8	0.2	-0.363271
3.8	0.24	-0.423073
3.8	0.28	-0.476203
3.8	0.32	-0.521823
3.8	0.36	-0.559214
3.8	0.4	-0.587785
3.8	0.44	-0.607087
3.8	0.48	-0.616814
3.8	0.52	-0.616814
3.8	0.56	-0.607087
3.8	0.6	-0.587785
3.8	0.64	-0.559214
3.8	0.68	-0.521823
3.8	0.72	-0.476203
3.8	0.76	-0.423073
3.8	0.8	-0.363271
3.8	0.84	-0.29774
3.8	0.88	-0.227513
3.8	0.92	-0.153699
3.8	0.96	-0.0774602
3.8	1	-7.56848e-017
3.8	1.04	0.0774602
3.8	1.08	0.153699
3.8	1.12	0.227513
3.8	1.16	0.29774
3.8	1.2	0.363271
3.8	1.24	0.423073
3.8	1.28	0.476203
3.8	1.32	0.521823
3.8	1.36	0.559214
3.8	1.4	0.587785
3.8	1.44	0.607087
3.8	1.48	0.616814
3.8	1.52	0.616814
3.8	1.56	0.607087
3.8	1.6	0.587785
3.8	1.64	0.559214
3.8	1.68	0.521823
3.8	1.72	0.476203
3.8	1.76	0.423073
3.8	1.8	0.363271
3.8	1.84	0.29774
3.8	1.88	0.227513
3.8	1.92	0.153699
3.8	1.96	0.0774602
3.8	2	1.5137e-016
3.8	2.04	-0.0774602
3.8	2.08	-0.153699
3.8	2.12	-0.227513
3.8	2.16	-0.29774
3.8	2.2	-0.363271
3.8	2.24	-0.423073
3.8	2.28	-0.476203
3.8	2.32	-0.521823
3.8	2.36	-0.559214
3.8	2.4	-0.587785
3.8	2.44	-0.607087
3.8	2.48	-0.616814
3.8	2.52	-0.616814
3.8	2.56	-0.607087
3.8	2.6	-0.587785
3.8	2.64	-0.559214
3.8	2.68	-0.521823
3.8	2.72	-0.476203
3.8	2.76	-0.423073
3.8	2.8	-0.363271
3.8	2.84	-0.29774
3.8	2.88	-0.227513
3.8	2.92	-0.153699
3.8	2.96	-0.0774602
3.8	3	-2.27055e-016
3.8	3.04	0.0774602
3.8	3.08	0.153699
3.8	3.12	0.227513
3.8	3.16	0.29774
3.8	3.2	0.363271
3.8	3.24	0.423073
3.8	3.28	0.476203
3.8	3.32	0.521823
3.8	3.36	0.559214
3.8	3.4	0.587785
3.8	3.44	0.607087
3.8	3.48	0.616814
3.8	3.52	0.616814
3.8	3.56	0.607087
3.8	3.6	0.587785
3.8	3.64	0.559214
3.8	3.68	0.521823
3.8	3.72	0.476203
3.8	3.76	0.423073
3.8	3.8	0.363271
3.8	3.84	0.29774
3.8	3.88	0.227513
3.8	3.92	0.153699
3.8	3.96	0.0774602
3.8	4	3.02739e-016
3.9	0	0
3.9	0.04	0.147338
3.9	0.08	0.292352
3.9	0.12	0.432756
3.9	0.16	0.566335
3.9	0.2	0.690983
3.9	0.24	0.804733
3.9	0.28	0.905793
3.9	0.32	0.992567
3.9	0.36	1.06369
3.9	0.4	1.11803
3.9	0.44	1.15475
3.9	0.48	1.17325
3.9	0.52	1.17325
3.9	0.56	1.15475
3.9	0.6	1.11803
3.9	0.64	1.06369
3.9	0.68	0.992567
3.9	0.72	0.905793
3.9	0.76	0.804733
3.9	0.8	0.690983
3.9	0.84	0.566335
3.9	0.88	0.432756
3.9	0.92	0.292352
3.9	0.96	0.147338
3.9	1	1.43961e-016
3.9	1.04	-0.147338
3.9	1.08	-0.292352
3.9	1.12	-0.432756
3.9	1.16	-0.566335
3.9	1.2	-0.690983
3.9	1.24	-0.804733
3.9	1.28	-0.905793
3.9	1.32	-0.992567
3.9	1.36	-1.06369
3.9	1.4	-1.11803
3.9	1.44	-1.15475
3.9	1.48	-1.17325
3.9	1.52	-1.17325
3.9	1.56	-1.15475
3.9	1.6	-1.11803
3.9	1.64	-1.06369
3.9	1.68	-0.992567
3.9	1.72	-0.905793
3.9	1.76	-0.804733
3.9	1.8	-0.690983
3.9	1.84	-0.566335
3.9	1.88	-0.432756
3.9	1.92	-0.292352
3.9	1.96	-0.147338
3.9	2	-2.87922e-016
3.9	2.04	0.147338
3.9	2.08	0.292352
3.9	2.12	0.432756
3.9	2.16	0.566335
3.9	2.2	0.690983
3.9	2.24	0.804733
3.9	2.28	0.905793
3.9	2.32	0.992567
3.9	2.36	1.06369
3.9	2.4	1.11803
3.9	2.44	1.15475
3.9	2.48	1.17325
3.9	2.52	1.17325
3.9	2.56	1.15475
3.9	2.6	1.11803
3.9	2.64	1.06369
3.9	2.68	0.992567
3.9	2.72	0.905793
3.9	2.76	0.804733
3.9	2.8	0.690983
3.9	2.84	0.566335
3.9	2.88	0.432756
3.9	2.92	0.292352
3.9	2.96	0.147338
3.9	3	4.31883e-016
3.9	3.04	-0.147338
3.9	3.08	-0.292352
3.9	3.12	-0.432756
3.9	3.16	-0.566335
3.9	3.2	-0.690983
3.9	3.24	-0.804733
3.9	3.28	-0.905793
3.9	3.32	-0.992567
3.9	3.36	-1.06369
3.9	3.4	-1.11803
3.9	3.44	-1.15475
3.9	3.48	-1.17325
3.9	3.52	-1.17325
3.9	3.56	-1.15475
3.9	3.6	-1.11803
3.9	3.64	-1.06369
3.9	3.68	-0.992567
3.9	3.72	-0.905793
3.9	3.76	-0.804733
3.9	3.8	-0.690983
3.9	3.84	-0.566335
3.9	3.88	-0.432756
3.9	3.92	-0.292352
3.9	3.96	-0.147338
3.9	4	-5.75844e-016
4	0	0
4	0.04	0.250666
4	0.08	0.49738
4	0.12	0.736249
4	0.16	0.963507
4	0.2	1.17557
4	0.24	1.36909
4	0.28	1.54103
4	0.32	1.68866
4	0.36	1.80965
4	0.4	1.90211
4	0.44	1.96457
4	0.48	1.99605
4	0.52	1.99605
4	0.56	1.96457
4	0.6	1.90211
4	0.64	1.80965
4	0.68	1.68866
4	0.72	1.54103
4	0.76	1.36909
4	0.8	1.17557
4	0.84	0.963507
4	0.88	0.736249
4	0.92	0.49738
4	0.96	0.250666
4	1	2.44921e-016
4	1.04	-0.250666
4	1.08	-0.49738
4	1.12	-0.736249
4	1.16	-0.963507
4	1.2	-1.17557
4	1.24	-1.36909
4	1.28	-1.54103
4	1.32	-1.68866
4	1.36	-1.80965
4	1.4	-1.90211
4	1.44	-1.96457
4	1.48	-1.99605
4	1.52	-1.99605
4	1.56	-1.96457
4	1.6	-1.90211
4	1.64	-1.80965
4	1.68	-1.68866
4	1.72	-1.54103
4	1.76	-1.36909
4	1.8	-1.17557
4	1.84	-0.963507
4	1.88	-0.736249
4	1.92	-0.49738
4	1.96	-0.250666
4	2	-4.89843e-016
4	2.04	0.250666
4	2.08	0.49738
4	2.12	0.736249
4	2.16	0.963507
4	2.2	1.17557
4	2.24	1.36909
4	2.28	1.54103
4	2.32	1.68866
4	2.36	1.80965
4	2.4	1.90211
4	2.44	1.96457
4	2.48	1.99605
4	2.52	1.99605
4	2.56	1.96457
4	2.6	1.90211
4	2.64	1.80965
4	2.68	1.68866
4	2.72	1.54103
4	2.76	1.36909
4	2.8	1.17557
4	2.84	0.963507
4	2.88	0.736249
4	2.92	0.49738
4	2.96	0.250666
4	3	7.34764e-016
4	3.04	-0.250666
4	3.08	-0.49738
4	3.12	-0.736249
4	3.16	-0.963507
4	3.2	-1.17557
4	3.24	-1.36909
4	3.28	-1.54103
4	3.32	-1.68866
4	3.36	-1.80965
4	3.4	-1.90211
4	3.44	-1.96457
4	3.48	-1.99605
4	3.52	-1.99605
4	3.56	-1.96457
4	3.6	-1.90211
4	3.64	-1.80965
4	3.68	-1.68866
4	3.72	-1.54103
4	3.76	-1.36909
4	3.8	-1.17557
4	3.84	-0.963507
4	3.88	-0.736249
4	3.92	-0.49738
4	3.96	-0.250666
4	4	-9.79685e-016
4.1	0	0
4.1	0.04	0.147338
4.1	0.08	0.292352
4.1	0.12	0.432756
4.1	0.16	0.566335
4.1	0.2	0.690983
4.1	0.24	0.804733
4.1	0.28	0.905793
4.1	0.32	0.992567
4.1	0.36	1.06369
4.1	0.4	1.11803
4.1	0.44	1.15475
4.1	0.48	1.17325
4.1	0.52	1.17325
4.1	0.56	1.15475
4.1	0.6	1.11803
4.1	0.64	1.06369
4.1	0.68	0.992567
4.1	0.72	0.905793
4.1	0.76	0.804733
4.1	0.8	0.690983
4.1	0.84	0.566335
4.1	0.88	0.432756
4.1	0.92	0.292352
4.1	0.96	0.147338
4.1	1	1.43961e-016
4.1	1.04	-0.147338
4.1	1.08	-0.292352
4.1	1.12	-0.432756
4.1	1.16	-0.566335
4.1	1.2	-0.690983
4.1	1.24	-0.804733
4.1	1.28	-0.905793
4.1	1.32	-0.992567
4.1	1.36	-1.06369
4.1	1.4	-1.11803
4.1	1.44	-1.15475
4.1	1.48	-1.17325
4.1	1.52	-1.17325
4.1	1.56	-1.15475
4.1	1.6	-1.11803
4.1	1.64	-1.06369
4.1	1.68	-0.992567
4.1	1.72	-0.905793
4.1	1.76	-0.804733
4.1	1.8	-0.690983
4.1	1.84	-0.566335
4.1	1.88	-0.432756
4.1	1.92	-0.292352
4.1	1.96	-0.147338
4.1	2	-2.87922e-016
4.1	2.04	0.147338
4.1	2.08	0.292352
4.1	2.12	0.432756
4.1	2.16	0.566335
4.1	2.2	0.690983
4.1	2.24	0.804733
4.1	2.28	0.905793
4.1	2.32	0.992567
4.1	2.36	1.06369
4.1	2.4	1.11803
4.1	2.44	1.15475
4.1	2.48	1.17325
4.1	2.52	1.17325
4.1	2.56	1.15475
4.1	2.6	1.11803
4.1	2.64	1.06369
4.1	2.68	0.992567
4.1	2.72	0.905793
4.1	2.76	0.804733
4.1	2.8	0.690983
4.1	2.84	0.566335
4.1	2.88	0.432756
4.1	2.92	0.292352
4.1	2.96	0.147338
4.1	3	4.31883e-016
4.1	3.04	-0.147338
4.1	3.08	-0.292352
4.1	3.12	-0.432756
4.1	3.16	-0.566335
4.1	3.2	-0.690983
4.1	3.24	-0.804733
4.1	3.28	-0.905793
4.1	3.32	-0.992567
4.1	3.36	-1.06369
4.1	3.4	-1.11803
4.1	3.44	-1.15475
4.1	3.48	-1.17325
4.1	3.52	-1.17325
4.1	3.56	-1.15475
4.1	3.6	-1.11803
4.1	3.64	-1.06369
4.1	3.68	-0.992567
4.1	3.72	-0.905793
4.1	3.76	-0.804733
4.1	3.8	-0.690983
4.1	3.84	-0.566335
4.1	3.88	-0.432756
4.1	3.92	-0.292352
4.1	3.96	-0.147338
4.1	4	-5.75844e-016
4.2	0	-0
4.2	0.04	-0.0774602
4.2	0.08	-0.153699
4.2	0.12	-0.227513
4.2	0.16	-0.29774
4.2	0.2	-0.363271
4.2	0.24	-0.423073
4.2	0.28	-0.476203
4.2	0.32	-0.521823
4.2	0.36	-0.559214
4.2	0.4	-0.587785
4.2	0.44	-0.607087
4.2	0.48	-0.616814
4.2	0.52	-0.616814
4.2	0.56	-0.607087
4.2	0.6	-0.587785
4.2	0.64	-0.559214
4.2	0.68	-0.521823
4.2	0.72	-0.476203
4.2	0.76	-0.423073
4.2	0.8	-0.363271
4.2	0.84	-0.29774
4.2	0.88	-0.227513
4.2	0.92	-0.153699
4.2	0.96	-0.0774602
4.2	1	-7.56848e-017
4.2	1.04	0.0774602
4.2	1.08	0.153699
4.2	1.12	0.227513
4.2	1.16	0.29774
4.2	1.2	0.363271
4.2	1.24	0.423073
4.2	1.28	0.476203
4.2	1.32	0.521823
4.2	1.36	0.559214
4.2	1.4	0.587785
4.2	1.44	0.607087
4.2	1.48	0.616814
4.2	1.52	0.616814
4.2	1.56	0.607087
4.2	1.6	0.587785
4.2	1.64	0.559214
4.2	1.68	0.521823
4.2	1.72	0.476203
4.2	1.76	0.423073
4.2	1.8	0.363271
4.2	1.84	0.29774
4.2	1.88	0.227513
4.2	1.92	0.153699
4.2	1.96	0.0774602
4.2	2	1.5137e-016
4.2	2.04	-0.0774602
4.2	2.08	-0.153699
4.2	2.12	-0.227513
4.2	2.16	-0.29774
4.2	2.2	-0.363271
4.2	2.24	-0.423073
4.2	2.28	-0.476203
4.2	2.32	-0.521823
4.2	2.36	-0.559214
4.2	2.4	-0.587785
4.2	2.44	-0.607087
4.2	2.48	-0.616814
4.2	2.52	-0.616814
4.2	2.56	-0.607087
4.2	2.6	-0.587785
4.2	2.64	-0.559214
4.2	2.68	-0.521823
4.2	2.72	-0.476203
4.2	2.76	-0.423073
4.2	2.8	-0.363271
4.2	2.84	-0.29774
4.2	2.88	-0.227513
4.2	2.92	-0.153699
4.2	2.96	-0.0774602
4.2	3	-2.27055e-016
4.2	3.04	0.0774602
4.2	3.08	0.153699
4.2	3.12	0.227513
4.2	3.16	0.29774
4.2	3.2	0.363271
4.2	3.24	0.423073
4.2	3.28	0.476203
4.2	3.32	0.521823
4.2	3.36	0.559214
4.2	3.4	0.587785
4.2	3.44	0.607087
4.2	3.48	0.616814
4.2	3.52	0.616814
4.2	3.56	0.607087
4.2	3.6	0.587785
4.2	3.64	0.559214
4.2	3.68	0.521823
4.2	3.72	0.476203
4.2	3.76	0.423073
4.2	3.8	0.363271
4.2	3.84	0.29774
4.2	3.88	0.227513
4.2	3.92	0.153699
4.2	3.96	0.0774602
4.2	4	3.02739e-016
4.3	0	-0
4.3	0.04	-0.238398
4.3	0.08	-0.473036
4.3	0.12	-0.700215
4.3	0.16	-0.91635
4.3	0.2	-1.11803
4.3	0.24	-1.30209
4.3	0.28	-1.4656
4.3	0.32	-1.60601
4.3	0.36	-1.72108
4.3	0.4	-1.80902
4.3	0.44	-1.86842
4.3	0.48	-1.89836
4.3	0.52	-1.89836
4.3	0.56	-1.86842
4.3	0.6	-1.80902
4.3	0.64	-1.72108
4.3	0.68	-1.60601
4.3	0.72	-1.4656
4.3	0.76	-1.30209
4.3	0.8	-1.11803
4.3	0.84	-0.91635
4.3	0.88	-0.700215
4.3	0.92	-0.473036
4.3	0.96	-0.238398
4.3	1	-2.32934e-016
4.3	1.04	0.238398
4.3	1.08	0.473036
4.3	1.12	0.700215
4.3	1.16	0.91635
4.3	1.2	1.11803
4.3	1.24	1.30209
4.3	1.28	1.4656
4.3	1.32	1.60601
4.3	1.36	1.72108
4.3	1.4	1.80902
4.3	1.44	1.86842
4.3	1.48	1.89836
4.3	1.52	1.89836
4.3	1.56	1.86842
4.3	1.6	1.80902
4.3	1.64	1.72108
4.3	1.68	1.60601
4.3	1.72	1.4656
4.3	1.76	1.30209
4.3	1.8	1.11803
4.3	1.84	0.91635
4.3	1.88	0.700215
4.3	1.92	0.473036
4.3	1.96	0.238398
4.3	2	4.65868e-016
4.3	2.04	-0.238398
4.3	2.08	-0.473036
4.3	2.12	-0.700215
4.3	2.16	-0.91635
4.3	2.2	-1.11803
4.3	2.24	-1.30209
4.3	2.28	-1.4656
4.3	2.32	-1.60601
4.3	2.36	-1.72108
4.3	2.4	-1.80902
4.3	2.44	-1.86842
4.3	2.48	-1.89836
4.3	2.52	-1.89836
4.3	2.56	-1.86842
4.3	2.6	-1.80902
4.3	2.64	-1.72108
4.3	2.68	-1.60601
4.3	2.72	-1.4656
4.3	2.76	-1.30209
4.3	2.8	-1.11803
4.3	2.84	-0.91635
4.3	2.88	-0.700215
4.3	2.92	-0.473036
4.3	2.96	-0.238398
4.3	3	-6.98802e-016
4.3	3.04	0.238398
4.3	3.08	0.473036
4.3	3.12	0.700215
4.3	3.16	0.91635
4.3	3.2	1.11803
4.3	3.24	1.30209
4.3	3.28	1.4656
4.3	3.32	1.60601
4.3	3.36	1.72108
4.3	3.4	1.80902
4.3	3.44	1.86842
4.3	3.48	1.89836
4.3	3.52	1.89836
4.3	3.56	1.86842
4.3	3.6	1.80902
4.3	3.64	1.72108
4.3	3.68	1.60601
4.3	3.72	1.4656
4.3	3.76	1.30209
4.3	3.8	1.11803
4.3	3.84	0.91635
4.3	3.88	0.700215
4.3	3.92	0.473036
4.3	3.96	0.238398
4.3	4	9.31736e-016
4.4	0	-0
4.4	0.04	-0.202793
4.4	0.08	-0.402389
4.4	0.12	-0.595638
4.4	0.16	-0.779494
4.4	0.2	-0.951057
4.4	0.24	-1.10762
4.4	0.28	-1.24672
4.4	0.32	-1.36615
4.4	0.36	-1.46404
4.4	0.4	-1.53884
4.4	0.44	-1.58937
4.4	0.48	-1.61484
4.4	0.52	-1.61484
4.4	0.56	-1.58937
4.4	0.6	-1.53884
4.4	0.64	-1.46404
4.4	0.68	-1.36615
4.4	0.72	-1.24672
4.4	0.76	-1.10762
4.4	0.8	-0.951057
4.4	0.84	-0.779494
4.4	0.88	-0.595638
4.4	0.92	-0.402389
4.4	0.96	-0.202793
4.4	1	-1.98145e-016
4.4	1.04	0.202793
4.4	1.08	0.402389
4.4	1.12	0.595638
4.4	1.16	0.779494
4.4	1.2	0.951057
4.4	1.24	1.10762
4.4	1.28	1.24672
4.4	1.32	1.36615
4.4	1.36	1.46404
4.4	1.4	1.53884
4.4	1.44	1.58937
4.4	1.48	1.61484
4.4	1.52	1.61484
4.4	1.56	1.58937
4.4	1.6	1.53884
4.4	1.64	1.46404
4.4	1.68	1.36615
4.4	1.72	1.24672
4.4	1.76	1.10762
4.4	1.8	0.951057
4.4	1.84	0.779494
4.4	1.88	0.595638
4.4	1.92	0.402389
4.4	1.96	0.202793
4.4	2	3.96291e-016
4.4	2.04	-0.202793
4.4	2.08	-0.402389
4.4	2.12	-0.595638
4.4	2.16	-0.779494
4.4	2.2	-0.951057
4.4	2.24	-1.10762
4.4	2.28	-1.24672
4.4	2.32	-1.36615
4.4	2.36	-1.46404
4.4	2.4	-1.53884
4.4	2.44	-1.58937
4.4	2.48	-1.61484
4.4	2.52	-1.61484
4.4	2.56	-1.58937
4.4	2.6	-1.53884
4.4	2.64	-1.46404
4.4	2.68	-1.36615
4.4	2.72	-1.24672
4.4	2.76	-1.10762
4.4	2.8	-0.951057
4.4	2.84	-0.779494
4.4	2.88	-0.595638
4.4	2.92	-0.402389
4.4	2.96	-0.202793
4.4	3	-5.94436e-016
4.4	3.04	0.202793
4.4	3.08	0.402389
4.4	3.12	0.595638
4.4	3.16	0.779494
4.4	3.2	0.951057
4.4	3.24	1.10762
4.4	3.28	1.24672
4.4	3.32	1.36615
4.4	3.36	1.46404
4.4	3.4	1.53884
4.4	3.44	1.58937
4.4	3.48	1.61484
4.4	3.52	1.61484
4.4	3.56	1.58937
4.4	3.6	1.53884
4.4	3.64	1.46404
4.4	3.68	1.36615
4.4	3.72	1.24672
4.4	3.76	1.10762
4.4	3.8	0.951057
4.4	3.84	0.779494
4.4	3.88	0.595638
4.4	3.92	0.402389
4.4	3.96	0.202793
4.4	4	7.92582e-016
4.5	0	-0
4.5	0.04	-8.5968e-016
4.5	0.08	-1.7058e-015
4.5	0.12	-2.52502e-015
4.5	0.16	-3.30442e-015
4.5	0.2	-4.03171e-015
4.5	0.24	-4.69541e-015
4.5	0.28	-5.28507e-015
4.5	0.32	-5.79137e-015
4.5	0.36	-6.20635e-015
4.5	0.4	-6.52344e-015
4.5	0.44	-6.73766e-015
4.5	0.48	-6.84562e-015
4.5	0.52	-6.84562e-015
4.5	0.56	-6.73766e-015
4.5	0.6	-6.52344e-015
4.5	0.64	-6.20635e-015
4.5	0.68	-5.79137e-015
4.5	0.72	-5.28507e-015
4.5	0.76	-4.69541e-015
4.5	0.8	-4.03171e-015
4.5	0.84	-3.30442e-015
4.5	0.88	-2.52502e-015
4.5	0.92	-1.7058e-015
4.5	0.96	-8.5968e-016
4.5	1	-8.39976e-031
4.5	1.04	8.5968e-016
4.5	1.08	1.7058e-015
4.5	1.12	2.52502e-015
4.5	1.16	3.30442e-015
4.5	1.2	4.03171e-015
4.5	1.24	4.69541e-015
4.5	1.28	5.28507e-015
4.5	1.32	5.79137e-015
4.5	1.36	6.20635e-015
4.5	1.4	6.52344e-015
4.5	1.44	6.73766e-015
4.5	1.48	6.84562e-015
4.5	1.52	6.84562e-015
4.5	1.56	6.73766e-015
4.5	1.6	6.52344e-015
4.5	1.64	6.20635e-015
4.5	1.68	5.79137e-015
4.5	1.72	5.28507e-015
4.5	1.76	4.69541e-015
4.5	1.8	4.03171e-015
4.5	1.84	3.30442e-015
4.5	1.88	2.52502e-015
4.5	1.92	1.7058e-015
4.5	1.96	8.5968e-016
4.5	2	1.67995e-030
4.5	2.04	-8.5968e-016
4.5	2.08	-1.7058e-015
4.5	2.12	-2.52502e-015
4.5	2.16	-3.30442e-015
4.5	2.2	-4.03171e-015
4.5	2.24	-4.69541e-015
4.5	2.28	-5.28507e-015
4.5	2.32	-5.79137e-015
4.5	2.36	-6.20635e-015
4.5	2.4	-6.52344e-015
4.5	2.44	-6.73766e-015
4.5	2.48	-6.84562e-015
4.5	2.52	-6.84562e-015
4.5	2.56	-6.73766e-015
4.5	2.6	-6.52344e-015
4.5	2.64	-6.20635e-015
4.5	2.68	-5.79137e-015
4.5	2.72	-5.28507e-015
4.5	2.76	-4.69541e-015
4.5	2.8	-4.03171e-015
4.5	2.84	-3.30442e-015
4.5	2.88	-2.52502e-015
4.5	2.92	-1.7058e-015
4.5	2.96	-8.5968e-016
4.5	3	-2.51993e-030
4.5	3.04	8.5968e-016
4.5	3.08	1.7058e-015
4.5	3.12	2.52502e-015
4.5	3.16	3.30442e-015
4.5	3.2	4.03171e-015
4.5	3.24	4.69541e-015
4.5	3.28	5.28507e-015
4.5	3.32	5.79137e-015
4.5	3.36	6.20635e-015
4.5	3.4	6.52344e-015
4.5	3.44	6.73766e-015
4.5	3.48	6.84562e-015
4.5	3.52	6.84562e-015
4.5	3.56	6.73766e-015
4.5	3.6	6.52344e-015
4.5	3.64	6.20635e-015
4.5	3.68	5.79137e-015
4.5	3.72	5.28507e-015
4.5	3.76	4.69541e-015
4.5	3.8	4.03171e-015
4.5	3.84	3.30442e-015
4.5	3.88	2.52502e-015
4.5	3.92	1.7058e-015
4.5	3.96	8.5968e-016
4.5	4	3.3599e-030
4.6	0	0
4.6	0.04	0.202793
4.6	0.08	0.402389
4.6	0.12	0.595638
4.6	0.16	0.779494
4.6	0.2	0.951057
4.6	0.24	1.10762
4.6	0.28	1.24672
4.6	0.32	1.36615
4.6	0.36	1.46404
4.6	0.4	1.53884
4.6	0.44	1.58937
4.6	0.48	1.61484
4.6	0.52	1.61484
4.6	0.56	1.58937
4.6	0.6	1.53884
4.6	0.64	1.46404
4.6	0.68	1.36615
4.6	0.72	1.24672
4.6	0.76	1.10762
4.6	0.8	0.951057
4.6	0.84	0.779494
4.6	0.88	0.595638
4.6	0.92	0.402389
4.6	0.96	0.202793
4.6	1	1.98145e-016
4.6	1.04	-0.202793
4.6	1.08	-0.402389
4.6	1.12	-0.595638
4.6	1.16	-0.779494
4.6	1.2	-0.951057
4.6	1.24	-1.10762
4.6	1.28	-1.24672
4.6	1.32	-1.36615
4.6	1.36	-1.46404
4.6	1.4	-1.53884
4.6	1.44	-1.58937
4.6	1.48	-1.61484
4.6	1.52	-1.61484
4.6	1.56	-1.58937
4.6	1.6	-1.53884
4.6	1.64	-1.46404
4.6	1.68	-1.36615
4.6	1.72	-1.24672
4.6	1.76	-1.10762
4.6	1.8	-0.951057
4.6	1.84	-0.779494
4.6	1.88	-0.595638
4.6	1.92	-0.402389
4.6	1.96	-0.202793
4.6	2	-3.96291e-016
4.6	2.04	0.202793
4.6	2.08	0.402389
4.6	2.12	0.595638
4.6	2.16	0.779494
4.6	2.2	0.951057
4.6	2.24	1.10762
4.6	2.28	1.24672
4.6	2.32	1.36615
4.6	2.36	1.46404
4.6	2.4	1.53884
4.6	2.44	1.58937
4.6	2.48	1.61484
4.6	2.52	1.61484
4.6	2.56	1.58937
4.6	2.6	1.53884
4.6	2.64	1.46404
4.6	2.68	1.36615
4.6	2.72	1.24672
4.6	2.76	1.10762
4.6	2.8	0.951057
4.6	2.84	0.779494
4.6	2.88	0.595638
4.6	2.92	0.402389
4.6	2.96	0.202793
4.6	3	5.94436e-016
4.6	3.04	-0.202793
4.6	3.08	-0.402389
4.6	3.12	-0.595638
4.6	3.16	-0.779494
4.6	3.2	-0.951057
4.6	3.24	-1.10762
4.6	3.28	-1.24672
4.6	3.32	-1.36615
4.6	3.36	-1.46404
4.6	3.4	-1.53884
4.6	3.44	-1.58937
4.6	3.48	-1.61484
4.6	3.52	-1.61484
4.6	3.56	-1.58937
4.6	3.6	-1.53884
4.6	3.64	-1.46404
4.6	3.68	-1.36615
4.6	3.72	-1.24672
4.6	3.76	-1.10762
4.6	3.8	-0.951057
4.6	3.84	-0.779494
4.6	3.88	-0.595638
4.6	3.92	-0.402389
4.6	3.96	-0.202793
4.6	4	-7.92582e-016
4.7	0	0
4.7	0.04	0.238398
4.7	0.08	0.473036
4.7	0.12	0.700215
4.7	0.16	0.91635
4.7	0.2	1.11803
4.7	0.24	1.30209
4.7	0.28	1.4656
4.7	0.32	1.60601
4.7	0.36	1.72108
4.7	0.4	1.80902
4.7	0.44	1.86842
4.7	0.48	1.89836
4.7	0.52	1.89836
4.7	0.56	1.86842
4.7	0.6	1.80902
4.7	0.64	1.72108
4.7	0.68	1.60601
4.7	0.72	1.4656
4.7	0.76	1.30209
4.7	0.8	1.11803
4.7	0.84	0.91635
4.7	0.88	0.700215
4.7	0.92	0.473036
4.7	0.96	0.238398
4.7	1	2.32934e-016
4.7	1.04	-0.238398
4.7	1.08	-0.473036
4.7	1.12	-0.700215
4.7	1.16	-0.91635
4.7	1.2	-1.11803
4.7	1.24	-1.30209
4.7	1.28	-1.4656
4.7	1.32	-1.60601
4.7	1.36	-1.72108
4.7	1.4	-1.80902
4.7	1.44	-1.86842
4.7	1.48	-1.89836
4.7	1.52	-1.89836
4.7	1.56	-1.86842
4.7	1.6	-1.80902
4.7	1.64	-1.72108
4.7	1.68	-1.60601
4.7	1.72	-1.4656
4.7	1.76	-1.30209
4.7	1.8	-1.11803
4.7	1.84	-0.91635
4.7	1.88	-0.700215
4.7	1.92	-0.473036
4.7	1.96	-0.238398
4.7	2	-4.65868e-016
4.7	2.04	0.238398
4.7	2.08	0.473036
4.7	2.12	0.700215
4.7	2.16	0.91635
4.7	2.2	1.11803
4.7	2.24	1.30209
4.7	2.28	1.4656
4.7	2.32	1.60601
4.7	2.36	1.72108
4.7	2.4	1.80902
4.7	2.44	1.86842
4.7	2.48	1.89836
4.7	2.52	1.89836
4.7	2.56	1.86842
4.7	2.6	1.80902
4.7	2.64	1.72108
4.7	2.68	1.60601
4.7	2.72	1.4656
4.7	2.76	1.30209
4.7	2.8	1.11803
4.7	2.84	0.91635
4.7	2.88	0.700215
4.7	2.92	0.473036
4.7	2.96	0.238398
4.7	3	6.98802e-016
4.7	3.04	-0.238398
4.7	3.08	-0.473036
4.7	3.12	-0.700215
4.7	3.16	-0.91635
4.7	3.2	-1.11803
4.7	3.24	-1.30209
4.7	3.28	-1.4656
4.7	3.32	-1.60601
4.7	3.36	-1.72108
4.7	3.4	-1.80902
4.7	3.44	-1.86842
4.7	3.48	-1.89836
4.7	3.52	-1.89836
4.7	3.56	-1.86842
4.7	3.6	-1.80902
4.7	3.64	-1.72108
4.7	3.68	-1.60601
4.7	3.72	-1.4656
4.7	3.76	-1.30209
4.7	3.8	-1.11803
4.7	3.84	-0.91635
4.7	3.88	-0.700215
4.7	3.92	-0.473036
4.7	3.96	-0.238398
4.7	4	-9.31736e-016
4.8	0	0
4.8	0.04	0.0774602
4.8	0.08	0.153699
4.8	0.12	0.227513
4.8	0.16	0.29774
4.8	0.2	0.363271
4.8	0.24	0.423073
4.8	0.28	0.476203
4.8	0.32	0.521823
4.8	0.36	0.559214
4.8	0.4	0.587785
4.8	0.44	0.607087
4.8	0.48	0.616814
4.8	0.52	0.616814
4.8	0.56	0.607087
4.8	0.6	0.587785
4.8	0.64	0.559214
4.8	0.68	0.521823
4.8	0.72	0.476203
4.8	0.76	0.423073
4.8	0.8	0.363271
4.8	0.84	0.29774
4.8	0.88	0.227513
4.8	0.92	0.153699
4.8	0.96	0.0774602
4.8	1	7.56848e-017
4.8	1.04	-0.0774602
4.8	1.08	-0.153699
4.8	1.12	-0.227513
4.8	1.16	-0.29774
4.8	1.2	-0.363271
4.8	1.24	-0.423073
4.8	1.28	-0.476203
4.8	1.32	-0.521823
4.8	1.36	-0.559214
4.8	1.4	-0.587785
4.8	1.44	-0.607087
4.8	1.48	-0.616814
4.8	1.52	-0.616814
4.8	1.56	-0.607087
4.8	1.6	-0.587785
4.8	1.64	-0.559214
4.8	1.68	-0.521823
4.8	1.72	-0.476203
4.8	1.76	-0.423073
4.8	1.8	-0.363271
4.8	1.84	-0.29774
4.8	1.88	-0.227513
4.8	1.92	-0.153699
4.8	1.96	-0.0774602
4.8	2	-1.5137e-016
4.8	2.04	0.0774602
4.8	2.08	0.153699
4.8	2.12	0.227513
4.8	2.16	0.29774
4.8	2.2	0.363271
4.8	2.24	0.423073
4.8	2.28	0.476203
4.8	2.32	0.521823
4.8	2.36	0.559214
4.8	2.4	0.587785
4.8	2.44	0.607087
4.8	2.48	0.616814
4.8	2.52	0.616814
4.8	2.56	0.607087
4.8	2.6	0.587785
4.8	2.64	0.559214
4.8	2.68	0.521823
4.8	2.72	0.476203
4.8	2.76	0.423073
4.8	2.8	0.363271
4.8	2.84	0.29774
4.8	2.88	0.227513
4.8	2.92	0.153699
4.8	2.96	0.0774602
4.8	3	2.27055e-016
4.8	3.04	-0.0774602
4.8	3.08	-0.153699
4.8	3.12	-0.227513
4.8	3.16	-0.29774
4.8	3.2	-0.363271
4.8	3.24	-0.423073
4.8	3.28	-0.476203
4.8	3.32	-0.521823
4.8	3.36	-0.559214
4.8	3.4	-0.587785
4.8	3.44	-0.607087
4.8	3.48	-0.616814
4.8	3.52	-0.616814
4.8	3.56	-0.607087
4.8	3.6	-0.587785
4.8	3.64	-0.559214
4.8	3.68	-0.521823
4.8	3.72	-0.476203
4.8	3.76	-0.423073
4.8	3.8	-0.363271
4.8	3.84	-0.29774
4.8	3.88	-0.227513
4.8	3.92	-0.153699
4.8	3.96	-0.0774602
4.8	4	-3.02739e-016
4.9	0	-0
4.9	0.04	-0.147338
4.9	0.08	-0.292352
4.9	0.12	-0.432756
4.9	0.16	-0.566335
4.9	0.2	-0.690983
4.9	0.24	-0.804733
4.9	0.28	-0.905793
4.9	0.32	-0.992567
4.9	0.36	-1.06369
4.9	0.4	-1.11803
4.9	0.44	-1.15475
4.9	0.48	-1.17325
4.9	0.52	-1.17325
4.9	0.56	-1.15475
4.9	0.6	-1.11803
4.9	0.64	-1.06369
4.9	0.68	-0.992567
4.9	0.72	-0.905793
4.9	0.76	-0.804733
4.9	0.8	-0.690983
4.9	0.84	-0.566335
4.9	0.88	-0.432756
4.9	0.92	-0.292352
4.9	0.96	-0.147338
4.9	1	-1.43961e-016
4.9	1.04	0.147338
4.9	1.08	0.292352
4.9	1.12	0.432756
4.9	1.16	0.566335
4.9	1.2	0.690983
4.9	1.24	0.804733
4.9	1.28	0.905793
4.9	1.32	0.992567
4.9	1.36	1.06369
4.9	1.4	1.11803
4.9	1.44	1.15475
4.9	1.48	1.17325
4.9	1.52	1.17325
4.9	1.56	1.15475
4.9	1.6	1.11803
4.9	1.64	1.06369
4.9	1.68	0.992567
4.9	1.72	0.905793
4.9	1.76	0.804733
4.9	1.8	0.690983
4.9	1.84	0.566335
4.9	1.88	0.432756
4.9	1.92	0.292352
4.9	1.96	0.147338
4.9	2	2.87922e-016
4.9	2.04	-0.147338
4.9	2.08	-0.292352
4.9	2.12	-0.432756
4.9	2.16	-0.566335
4.9	2.2	-0.690983
4.9	2.24	-0.804733
4.9	2.28	-0.905793
4.9	2.32	-0.992567
4.9	2.36	-1.06369
4.9	2.4	-1.11803
4.9	2.44	-1.15475
4.9	2.48	-1.17325
4.9	2.52	-1.17325
4.9	2.56	-1.15475
4.9	2.6	-1.11803
4.9	2.64	-1.06369
4.9	2.68	-0.992567
4.9	2.72	-0.905793
4.9	2.76	-0.804733
4.9	2.8	-0.690983
4.9	2.84	-0.566335
4.9	2.88	-0.432756
4.9	2.92	-0.292352
4.9	2.96	-0.147338
4.9	3	-4.31883e-016
4.9	3.04	0.147338
4.9	3.08	0.292352
4.9	3.12	0.432756
4.9	3.16	0.566335
4.9	3.2	0.690983
4.9	3.24	0.804733
4.9	3.28	0.905793
4.9	3.32	0.992567
4.9	3.36	1.06369
4.9	3.4	1.11803
4.9	3.44	1.15475
4.9	3.48	1.17325
4.9	3.52	1.17325
4.9	3.56	1.15475
4.9	3.6	1.11803
4.9	3.64	1.06369
4.9	3.68	0.992567
4.9	3.72	0.905793
4.9	3.76	0.804733
4.9	3.8	0.690983
4.9	3.84	0.566335
4.9	3.88	0.432756
4.9	3.92	0.292352
4.9	3.96	0.147338
4.9	4	5.75844e-016
5	0	-0
5	0.04	-0.250666
5	0.08	-0.49738
5	0.12	-0.736249
5	0.16	-0.963507
5	0.2	-1.17557
5	0.24	-1.36909
5	0.28	-1.54103
5	0.32	-1.68866
5	0.36	-1.80965
5	0.4	-1.90211
5	0.44	-1.96457
5	0.48	-1.99605
5	0.52	-1.99605
5	0.56	-1.96457
5	0.6	-1.90211
5	0.64	-1.80965
5	0.68	-1.68866
5	0.72	-1.54103
5	0.76	-1.36909
5	0.8	-1.17557
5	0.84	-0.963507
5	0.88	-0.736249
5	0.92	-0.49738
5	0.96	-0.250666
5	1	-2.44921e-016
5	1.04	0.250666
5	1.08	0.49738
5	1.12	0.736249
5	1.16	0.963507
5	1.2	1.17557
5	1.24	1.36909
5	1.28	1.54103
5	1.32	1.68866
5	1.36	1.80965
5	1.4	1.90211
5	1.44	1.96457
5	1.48	1.99605
5	1.52	1.99605
5	1.56	1.96457
5	1.6	1.90211
5	1.64	1.80965
5	1.68	1.68866
5	1.72	1.54103
5	1.76	1.36909
5	1.8	1.17557
5	1.84	0.963507
5	1.88	0.736249
5	1.92	0.49738
5	1.96	0.250666
5	2	4.89843e-016
5	2.04	-0.250666
5	2.08	-0.49738
5	2.12	-0.736249
5	2.16	-0.963507
5	2.2	-1.17557
5	2.24	-1.36909
5	2.28	-1.54103
5	2.32	-1.68866
5	2.36	-1.80965
5	2.4	-1.90211
5	2.44	-1.96457
5	2.48	-1.99605
5	2.52	-1.99605
5	2.56	-1.96457
5	2.6	-1.90211
5	2.64	-1.80965
5	2.68	-1.68866
5	2.72	-1.54103
5	2.76	-1.36909
5	2.8	-1.17557
5	2.84	-0.963507
5	2.88	-0.736249
5	2.92	-0.49738
5	2.96	-0.250666
5	3	-7.34764e-016
5	3.04	0.250666
5	3.08	0.49738
5	3.12	0.736249
5	3.16	0.963507
5	3.2	1.17557
5	3.24	1.36909
5	3.28	1.54103
5	3.32	1.68866
5	3.36	1.80965
5	3.4	1.90211
5	3.44	1.96457
5	3.48	1.99605
5	3.52	1.99605
5	3.56	1.96457
5	3.6	1.90211
5	3.64	1.80965
5	3.68	1.68866
5	3.72	1.54103
5	3.76	1.36909
5	3.8	1.17557
5	3.84	0.963507
5	3.88	0.736249
5	3.92	0.49738
5	3.96	0.250666
5	4	9.79685e-016
